0
120
121
122
979
980
981
982
983
984
2006
2007
2008
1750
1751
1752
1753
1754
1755
984
985
1566
1567
1568
1569
1570
1571
1572
1573
1574
75
76
77
78
1250
505
506
507
508
509
1648
1649
406
407
408
369
370
371
372
373
374
375
376
839
840
841
842
843
844
845
846
847
848
849
850
851
694
695
696
1264
1242
1243
1244
1245
1246
1247
1248
980
981
982
983
984
985
986
987
988
989
916
917
918
919
1462
1463
1464
418
419
420
421
422
423
424
425
426
427
428
1352
1353
1354
1355
1356
1265
1266
1267
1268
1269
1270
1551
1258
1259
396
397
398
399
400
1648
1649
1650
1651
1652
1653
1164
1930
1293
1294
1295
1296
1297
1298
1535
1536
1537
1538
155
156
157
158
159
160
161
162
457
458
459
460
461
394
395
396
397
398
399
400
401
402
687
688
689
690
691
1838
1839
1840
260
459
460
461
462
533
534
535
536
537
1602
1603
1933
1934
1935
1936
1937
1938
1191
703
1801
1802
1803
1804
1805
1806
1807
1808
1809
1810
1811
1812
1919
1920
1921
1922
1923
358
359
1390
1391
1392
1393
1394
1395
1396
1397
1840
1841
1548
1549
2018
2019
2020
2021
2022
2023
2024
1824
1825
1826
1827
1828
1829
1830
1831
1395
1396
1397
1398
1946
1947
1948
1949
1950
1951
1952
1953
1954
1955
1660
1661
1662
1663
30
1081
1718
1749
1750
1751
1752
612
87
88
1184
1185
1186
1187
1188
1189
1190
1191
1192
1193
165
166
167
168
1787
1661
1662
2030
1803
1804
1303
1304
1305
1898
1899
1900
1901
1902
1903
1904
1905
1906
1425
1426
1175
1176
1177
1178
1331
1332
1333
1334
1335
1336
1337
1338
1339
1340
1615
1616
1617
1618
1619
1620
1621
1622
994
995
996
997
1312
1313
1314
1315
1125
1126
1127
1128
1129
1130
1131
1132
1133
1134
1135
1136
1137
1138
1139
1140
1141
1142
1143
1431
946
947
948
949
950
951
952
953
954
955
956
957
469
470
471
924
925
926
927
928
929
930
931
932
933
934
935
936
937
938
939
940
941
942
943
944
945
946
947
948
54
55
56
721
1695
1878
1879
1880
1881
1882
823
824
2020
1908
998
999
1000
1001
1002
1003
1004
1005
1006
1007
1008
1009
328
329
330
331
332
333
1069
1070
1615
1616
1617
568
569
570
571
572
1836
1837
1838
1835
1836
1837
1803
175
176
177
178
179
180
1021
1022
912
913
914
915
916
917
918
919
920
921
922
923
252
253
254
255
256
257
235
236
814
815
816
817
818
819
1259
1260
1261
1262
1263
1475
1476
836
399
400
320
1396
1397
1398
1505
1506
1507
1508
1804
1805
1806
1807
1808
1809
1810
469
470
471
472
473
474
475
1453
302
303
304
1625
1626
1627
1549
1550
1551
1552
1553
982
1
2
3
4
5
6
7
676
677
678
1015
1016
1017
1018
1019
1020
1021
1022
14
15
16
17
18
19
1940
1941
1942
1943
1944
1945
1946
371
372
373
374
375
51
52
53
54
55
1157
1158
1159
1160
1161
1162
1163
1164
1513
1514
1515
1516
1929
1930
1931
1932
1933
1934
1935
1936
1937
1938
1939
1940
1941
1942
1943
1944
1945
1877
1878
1879
1880
1881
1882
1883
1884
1885
1886
1887
1888
1889
1890
1891
1269
1270
1271
1272
1273
1274
1275
1276
1277
1278
1279
1280
817
611
162
163
164
165
166
167
168
169
1702
1123
1120
1121
547
548
897
898
899
900
901
902
903
904
905
389
390
391
392
393
394
395
396
397
398
1138
1139
1140
901
902
903
904
905
906
907
1736
1737
1738
1640
1641
1642
1643
152
153
1168
376
377
378
379
380
381
382
383
384
1400
1401
1402
1403
1200
1201
1202
1203
1312
607
608
609
610
611
612
613
614
615
616
617
618
619
620
621
622
1701
1702
1703
1704
1705
1706
1707
1708
1709
1710
1711
1712
1713
1714
1715
765
766
767
768
769
770
771
772
1255
1256
1257
1258
1933
1934
1935
1936
1937
1938
1939
1940
1941
1942
1883
1884
1885
1886
1887
444
445
446
447
448
449
450
1691
1692
1693
1694
1695
1696
1697
1698
1699
1700
1701
1702
1703
1704
1705
617
618
619
620
621
622
623
624
625
626
1818
1819
1820
1821
1822
772
773
774
775
776
1673
1674
1675
1676
1677
1678
1679
1680
1681
1682
1683
639
640
641
642
643
644
645
646
647
751
752
1944
589
1260
1261
1711
1712
1713
1714
1715
1716
1717
1718
1719
1720
1510
1511
1512
1513
1514
1515
1516
373
374
375
311
312
313
572
573
574
575
576
577
578
579
580
581
582
655
656
657
658
659
660
549
550
551
552
1321
1322
1323
1896
1248
1249
827
828
829
830
831
351
352
353
354
355
356
357
358
359
1108
1109
1659
1660
1661
1662
1053
1054
330
331
332
333
334
335
336
1466
1157
1158
1159
1160
1161
1661
1662
1663
1664
1665
1666
1667
1668
1669
1670
1671
1672
1673
1674
1675
1676
1508
1509
1510
1511
1512
1513
1514
1515
1516
1517
1518
1519
276
277
278
279
280
281
350
351
352
353
4
5
6
7
8
9
10
11
187
188
189
190
275
276
277
419
420
421
422
1569
1570
1571
420
421
422
423
424
425
426
427
428
429
430
431
432
433
434
435
436
437
438
439
440
441
442
443
444
445
446
1771
1772
1773
1774
1775
1420
1421
1841
1842
1843
1844
1845
1846
1847
