0
1
410
411
268
269
270
271
898
899
900
901
902
903
973
974
975
976
977
978
979
980
981
982
983
433
434
435
436
437
438
439
440
441
442
443
444
445
446
447
448
896
897
898
174
175
121
161
162
163
782
783
784
785
786
787
788
789
790
434
435
436
298
299
300
301
302
303
84
85
86
87
88
89
375
376
377
378
379
380
381
382
383
384
385
386
387
904
295
296
297
298
299
300
301
302
303
700
701
702
703
704
705
706
707
708
709
710
711
916
917
918
919
920
921
53
476
385
386
387
52
53
422
560
561
832
833
834
835
836
667
756
757
758
661
566
567
568
76
77
78
79
80
81
186
187
188
189
190
191
192
193
194
732
250
251
252
253
797
125
712
713
714
950
563
564
565
580
581
978
979
980
827
828
829
830
443
444
287
288
289
290
577
578
579
580
581
905
906
907
908
909
910
911
912
913
67
68
69
70
71
72
38
704
705
706
707
708
709
806
807
808
809
810
811
752
753
754
755
834
835
836
441
442
443
444
445
446
512
513
514
515
13
14
15
16
17
18
247
248
249
250
251
252
253
254
255
567
553
512
513
514
515
516
106
107
108
109
110
111
112
113
114
104
105
106
107
108
706
707
708
709
710
711
712
497
797
798
799
467
468
469
616
617
618
619
620
621
622
623
864
865
866
867
868
869
870
871
872
873
874
875
876
472
473
474
999
1
790
169
170
171
172
173
441
219
220
221
222
402
403
404
405
406
67
68
69
70
71
72
73
4
5
441
491
492
493
494
495
496
497
498
300
301
302
303
304
305
306
307
308
309
310
884
885
886
887
888
889
890
891
892
893
321
322
323
324
960
961
316
317
318
319
320
321
81
82
83
84
85
86
87
88
89
90
546
547
333
334
335
336
337
141
142
143
412
488
489
490
946
523
524
525
526
527
528
529
780
545
546
547
548
549
550
551
552
553
588
589
590
295
296
297
298
299
300
301
302
572
573
574
575
5
6
41
42
22
23
24
935
936
937
938
939
940
941
20
21
916
917
918
919
920
921
922
923
904
905
441
442
443
754
755
756
757
758
759
760
761
762
763
764
765
600
598
483
484
485
486
421
137
138
904
905
906
907
908
909
910
911
912
913
374
375
376
377
471
472
418
419
518
519
520
521
194
195
196
197
178
179
180
181
182
183
184
185
186
187
188
189
176
177
178
959
960
961
962
963
964
965
966
967
968
969
970
971
885
886
887
109
110
111
112
113
114
115
116
117
622
716
717
68
69
70
71
72
929
930
931
932
933
934
935
936
937
938
939
940
941
942
943
944
945
946
947
948
585
586
587
588
589
590
591
592
327
328
273
774
775
776
777
778
779
780
197
198
199
736
737
738
739
740
741
742
281
282
654
353
354
831
529
530
531
960
109
110
111
112
113
114
115
116
117
118
119
212
213
214
510
511
512
513
785
786
787
788
789
790
791
942
943
944
589
590
591
592
593
594
595
596
597
524
525
526
527
528
529
105
284
173
174
175
176
177
178
896
897
898
899
900
388
389
390
184
185
186
187
188
189
190
191
82
83
84
85
738
739
740
741
742
743
744
102
399
587
588
589
590
591
592
593
594
595
596
597
598
599
600
601
602
463
464
914
915
916
917
918
919
920
415
416
417
418
419
420
853
417
418
419
140
141
142
81
82
83
84
85
86
87
88
89
90
91
92
93
119
120
121
122
123
124
125
126
127
128
129
460
461
462
463
464
465
175
176
177
178
179
180
181
182
126
127
128
129
130
131
132
133
134
135
136
137
138
250
251
252
228
229
230
289
290
988
298
299
300
301
302
303
304
305
306
307
308
309
310
311
312
313
314
315
316
317
335
336
337
338
339
340
341
342
343
344
345
346
347
254
255
256
257
258
376
377
448
449
450
451
26
27
28
994
995
996
997
998
0
1
2
271
272
273
274
275
683
684
685
651
652
536
537
597
598
599
600
601
602
603
771
973
974
975
412
413
414
415
416
417
418
419
994
995
996
997
623
624
625
626
304
305
306
307
308
309
310
919
920
921
922
923
924
925
926
927
928
929
930
931
932
933
417
418
611
612
613
976
977
978
979
980
981
982
983
984
985
986
987
514
515
516
517
518
519
520
521
522
523
524
525
391
362
543
544
545
546
547
970
971
521
522
523
524
207
857
675
676
677
678
635
636
637
638
639
640
847
848
849
850
851
852
853
854
855
856
631
781
782
151
152
153
154
155
15
16
17
18
803
499
500
501
502
503
504
505
506
507
508
509
510
511
512
513
205
206
207
208
209
210
211
212
213
214
215
216
217
218
774
775
776
499
500
501
502
624
625
626
627
628
629
630
631
632
633
203
872
873
874
421
422
423
424
425
426
439
440
441
442
443
303
304
305
306
307
308
683
684
685
686
687
688
689
690
691
330
331
332
333
334
335
336
130
131
132
133
243
244
245
246
247
96
97
482
538
838
361
362
33
34
35
96
97
98
99
419
420
421
422
423
714
715
716
717
580
581
188
189
190
191
192
193
194
680
681
682
683
119
493
494
495
496
497
498
499
500
501
502
503
504
505
506
507
508
509
510
511
990
991
112
113
114
115
116
117
118
119
120
121
122
123
124
125
126
127
128
129
130
131
132
133
134
135
136
137
138
139
281
282
283
284
285
422
423
424
425
426
427
428
429
430
419
420
421
422
516
517
518
519
520
521
212
213
642
643
644
645
646
647
648
649
650
651
894
895
896
897
898
899
900
901
902
903
904
905
983
322
131
888
889
890
891
841
842
843
844
845
846
847
848
849
850
851
852
853
6
7
8
9
192
193
194
195
196
197
286
287
288
289
290
291
292
293
901
11
12
13
14
15
16
17
18
170
171
172
778
779
487
488
489
490
491
492
493
494
495
496
497
498
499
500
471
472
473
474
475
476
21
22
23
24
891
892
763
343
344
345
346
347
348
349
350
351
145
146
147
148
149
150
151
152
153
154
155
156
157
980
981
892
893
894
895
182
183
184
383
384
385
386
387
773
774
775
592
593
594
94
95
96
97
98
887
817
736
737
738
739
975
976
977
978
979
212
213
159
180
181
182
183
184
185
186
187
188
189
190
22
23
24
25
26
423
424
425
426
427
428
429
430
431
432
240
241
366
621
622
623
624
625
578
579
580
581
582
583
584
585
295
296
297
298
299
300
301
766
610
611
612
613
614
615
498
234
235
236
237
515
516
517
518
519
520
521
522
504
862
863
864
865
866
901
902
642
664
106
107
108
109
110
93
94
536
537
643
644
645
646
647
648
649
650
651
652
653
654
655
656
657
658
659
660
661
662
224
225
226
227
228
229
230
548
549
650
460
461
462
463
464
465
466
467
468
451
452
453
454
455
456
457
326
327
328
329
330
187
188
189
190
191
192
193
194
195
245
246
247
539
189
190
729
745
166
187
188
189
190
191
432
433
434
435
436
437
438
236
237
238
239
240
812
813
814
815
816
817
818
819
820
790
791
792
60
61
62
63
64
65
66
67
68
69
70
71
72
73
74
75
76
77
78
361
362
160
161
162
163
164
135
136
137
138
139
140
141
142
143
144
145
146
147
148
149
150
151
463
464
465
871
872
873
548
549
430
363
364
365
930
931
932
933
934
935
936
914
915
916
917
918
919
920
921
922
923
924
925
926
927
928
929
333
334
335
249
250
251
252
253
254
255
771
772
773
774
808
809
810
811
812
813
765
912
549
550
551
552
553
442
443
444
445
413
662
663
664
665
666
667
668
389
390
391
392
393
394
395
396
397
398
399
400
401
402
403
88
280
281
755
756
757
758
759
760
761
335
336
337
338
441
442
443
920
921
922
923
924
925
926
927
928
929
930
931
932
933
934
935
240
241
242
382
383
384
385
386
387
388
389
390
391
392
393
394
395
396
397
583
584
585
374
375
376
377
378
379
380
381
382
383
384
385
211
212
213
214
215
216
217
218
685
331
332
624
974
975
976
612
613
614
615
616
617
618
619
744
745
746
747
748
749
750
751
752
753
754
833
144
145
146
147
148
149
150
151
152
153
154
155
156
157
158
142
143
144
145
146
147
148
525
526
307
308
309
310
311
312
226
227
228
229
230
231
232
233
234
235
236
237
238
239
392
393
394
395
396
397
398
399
400
401
402
403
990
991
992
993
477
478
967
968
969
970
87
88
89
90
91
92
93
94
95
96
97
98
99
100
613
614
615
616
617
618
619
620
621
622
623
624
625
626
627
628
987
988
989
990
991
992
993
994
995
996
997
998
0
1
2
806
807
562
563
202
203
339
340
341
342
343
344
345
346
347
348
349
950
951
952
953
954
955
956
8
716
717
718
719
720
721
722
723
724
725
726
727
498
499
500
501
502
503
504
505
942
943
944
55
56
745
746
747
748
749
750
751
508
509
867
977
978
462
463
810
811
812
813
814
815
816
817
818
819
820
821
822
698
682
673
674
675
676
677
678
679
738
739
646
647
648
649
650
651
195
196
197
198
199
200
201
345
346
347
348
349
350
351
352
353
354
355
356
357
358
359
268
269
270
271
272
273
274
275
276
277
278
279
280
281
282
381
382
383
384
385
764
765
766
767
768
783
784
785
786
353
354
355
356
357
143
144
145
146
147
148
149
150
151
152
153
154
155
156
157
602
603
46
47
48
49
851
852
46
47
48
49
50
742
743
744
745
746
68
69
70
71
72
73
74
75
76
77
78
79
175
176
177
178
179
602
603
206
207
208
209
210
211
212
213
214
46
47
48
49
312
313
314
315
316
930
931
932
933
934
686
282
283
284
285
286
718
719
720
721
722
723
724
725
726
727
728
729
730
731
732
733
704
983
984
985
676
677
779
780
781
385
386
387
154
683
684
92
862
863
864
490
491
492
493
282
283
284
285
153
154
155
156
604
359
360
337
338
339
943
944
945
946
930
931
932
933
934
935
936
937
294
295
296
297
298
299
300
301
302
303
304
305
306
307
275
276
277
996
997
998
0
1
2
3
4
5
6
7
805
806
602
603
604
605
606
607
608
609
610
611
612
36
37
38
39
40
41
42
43
44
45
46
47
48
49
50
51
52
53
54
55
538
539
430
431
432
433
383
384
385
270
271
98
99
100
101
102
103
104
105
619
620
621
603
604
605
606
607
608
609
610
611
612
613
614
615
616
617
769
770
771
772
773
774
775
776
777
812
813
814
815
816
817
818
819
820
821
822
171
172
636
637
638
383
384
385
838
271
272
273
274
275
229
230
231
232
385
386
387
388
389
390
391
392
393
394
395
396
397
453
592
593
594
595
596
597
598
599
600
601
602
603
604
605
606
607
608
609
610
611
994
995
996
997
998
0
1
2
3
4
5
6
333
334
445
446
447
326
76
77
78
79
80
81
82
83
84
85
86
87
88
89
90
91
92
93
94
95
96
97
98
68
69
453
454
455
456
457
458
2
3
859
839
840
841
842
300
301
722
723
724
725
726
727
728
729
730
731
106
504
505
506
507
508
509
510
511
512
513
514
515
516
725
726
727
728
310
311
312
313
314
315
316
317
498
499
500
501
729
730
817
818
819
820
526
527
798
799
800
801
480
481
482
622
623
624
625
626
627
628
629
630
663
664
665
44
933
934
935
936
937
938
939
762
882
883
10
11
12
13
14
15
16
951
758
759
760
761
762
763
764
327
328
443
444
445
446
447
741
344
345
346
347
348
349
350
351
352
353
354
355
356
357
358
359
43
44
45
46
47
48
49
50
51
52
53
54
55
56
57
58
59
60
61
2
3
519
520
856
857
858
859
123
124
125
126
127
128
129
558
559
560
926
927
928
929
349
350
351
352
353
354
318
893
894
895
896
897
898
899
900
901
902
903
904
905
442
881
882
883
884
207
208
209
120
121
122
123
124
125
712
78
79
80
575
576
577
578
579
580
581
582
583
584
585
956
880
881
564
270
271
272
273
274
275
276
277
278
279
280
950
448
449
450
451
452
453
264
265
266
946
947
948
949
950
951
952
953
954
955
956
957
250
349
350
935
936
937
938
939
11
223
224
225
226
227
228
229
230
231
232
233
175
176
119
120
121
122
123
124
125
126
127
128
129
130
131
247
248
249
250
251
252
672
673
84
85
300
301
302
303
304
305
298
40
41
42
43
44
45
46
47
48
49
50
987
988
386
635
636
637
638
639
640
641
642
643
644
645
646
647
648
264
265
266
46
969
360
361
362
363
364
365
366
367
22
23
24
25
26
27
397
398
399
400
401
402
403
404
405
179
180
181
182
183
184
185
186
187
188
189
190
191
568
612
613
614
615
616
617
618
619
620
621
945
946
193
194
195
196
197
198
199
200
518
519
520
521
522
523
524
525
526
527
528
529
530
531
532
906
907
201
202
203
413
414
415
416
417
418
368
369
370
371
372
373
374
418
419
420
693
328
329
955
541
542
543
544
545
546
547
548
994
235
236
237
238
239
240
241
242
243
244
245
246
247
248
249
250
23
24
25
26
27
867
627
628
629
625
602
603
604
605
606
607
608
609
610
611
612
215
524
525
452
453
454
455
456
457
107
108
109
110
136
137
138
139
140
141
353
354
355
356
357
358
359
978
979
980
981
982
983
984
985
986
495
496
296
930
265
266
267
268
269
270
271
272
968
969
970
971
972
18
19
20
21
22
23
24
25
26
27
28
626
209
210
211
212
213
214
215
216
217
218
219
220
221
554
555
556
557
558
785
786
787
788
789
488
657
658
931
932
933
934
935
936
796
797
798
589
590
591
592
750
751
752
753
754
755
756
762
763
764
765
766
767
768
769
931
932
933
934
935
936
937
938
939
940
941
942
704
705
193
194
912
913
149
579
332
333
334
335
336
337
338
339
340
341
364
777
778
806
375
376
944
945
946
947
948
453
454
879
880
881
882
326
390
391
392
393
394
492
493
494
495
496
497
498
499
500
501
502
503
504
505
506
507
508
509
510
511
512
513
327
328
329
788
789
790
791
792
793
338
339
340
732
733
734
735
736
737
681
682
683
684
25
26
27
28
29
30
31
32
400
401
458
459
460
461
462
463
464
465
466
467
468
469
218
219
220
221
222
223
224
225
145
146
147
148
149
150
619
436
437
438
439
440
441
442
443
444
445
605
606
607
608
609
610
500
501
502
503
504
505
506
507
508
509
510
511
512
513
514
515
516
517
518
519
520
521
522
523
930
931
932
933
433
98
99
100
101
602
603
604
605
113
114
115
116
117
118
119
120
121
122
123
124
125
903
904
905
906
517
518
519
520
61
62
862
863
864
865
866
867
868
869
870
871
872
873
874
902
903
904
905
906
907
908
909
470
471
472
473
474
475
476
477
478
479
480
481
482
483
484
485
486
533
534
535
536
446
447
448
449
450
451
452
453
65
66
458
459
460
776
777
778
779
780
781
782
783
784
785
786
787
788
940
941
942
251
252
90
91
730
731
736
737
738
739
740
741
742
743
744
745
337
338
339
340
341
577
578
579
479
480
481
482
483
484
485
486
487
905
906
907
140
171
172
173
174
175
176
177
855
856
857
536
537
538
539
540
541
542
543
544
545
546
902
903
437
438
104
850
851
852
359
360
361
362
363
364
365
795
404
405
406
407
408
59
60
61
62
693
560
561
562
563
564
565
566
567
568
569
570
571
572
519
520
521
522
523
187
188
189
190
191
948
949
950
951
952
953
515
521
522
523
524
525
526
527
528
529
530
531
532
533
534
644
645
646
647
648
649
650
734
516
758
759
760
579
580
837
838
557
416
417
226
227
932
933
934
935
305
306
307
308
309
78
655
656
657
658
659
660
661
979
5
732
733
734
735
736
737
738
739
740
392
393
394
395
396
397
72
671
672
673
674
345
346
120
121
122
123
124
125
126
127
128
129
955
828
829
830
831
832
363
364
437
438
439
440
441
442
230
231
232
233
234
235
236
237
238
239
537
538
539
540
541
542
543
544
245
246
247
248
249
250
251
242
243
244
245
246
247
48
49
50
51
52
53
54
387
388
389
390
391
392
393
394
648
649
650
478
201
202
203
204
79
80
81
82
83
84
85
632
633
634
635
636
637
638
639
640
641
642
115
116
117
118
119
120
121
122
123
124
125
126
127
128
129
130
131
132
133
134
135
522
748
749
750
751
752
64
557
558
559
503
504
505
121
122
123
124
125
126
127
128
129
299
300
64
65
66
67
232
233
234
920
921
922
744
745
746
747
940
941
607
608
609
674
675
676
677
678
679
680
894
895
896
583
584
585
586
587
588
589
590
118
119
120
121
415
416
417
418
894
895
896
897
898
899
630
631
979
980
981
982
983
984
985
986
987
415
416
417
217
218
219
220
221
222
655
200
201
202
872
26
27
387
61
62
63
64
65
66
67
68
69
70
646
613
614
615
616
617
618
879
880
881
882
883
195
196
330
331
332
333
334
67
530
269
270
402
403
854
855
856
857
858
859
860
861
862
863
864
652
653
654
655
656
782
783
784
294
295
296
297
298
299
300
301
302
303
304
305
306
307
308
309
212
816
817
818
819
901
902
468
469
470
471
472
473
474
475
465
466
467
468
469
610
611
249
250
251
252
253
254
255
256
257
827
828
829
830
831
832
833
486
487
488
489
490
491
492
493
594
595
596
597
598
253
254
255
256
257
258
259
143
893
894
895
896
897
970
657
999
1
2
633
634
635
636
637
638
639
640
745
561
562
435
63
64
65
66
67
68
69
70
307
308
309
310
311
312
313
314
315
316
317
318
319
320
321
322
323
324
325
326
327
328
329
330
331
332
333
334
335
336
337
338
339
340
341
342
223
529
530
531
532
746
888
303
304
305
306
307
308
309
310
311
312
313
830
207
208
209
210
211
212
213
646
647
648
649
650
651
652
653
654
655
656
657
380
381
382
383
384
861
282
283
284
285
286
174
175
176
177
178
179
180
181
182
183
184
185
186
187
188
189
190
191
192
193
194
135
136
137
138
139
140
894
895
896
897
898
899
900
901
111
112
113
114
818
819
820
892
921
922
923
904
905
906
907
167
168
169
170
171
172
173
174
695
696
697
840
841
842
843
844
845
846
847
637
638
639
640
321
322
323
731
732
733
535
536
537
538
539
870
871
872
209
210
211
775
776
908
865
168
169
250
543
544
545
546
547
548
429
430
431
432
433
434
435
436
437
438
439
440
441
442
443
444
445
446
447
448
449
801
802
297
298
299
408
908
798
799
800
801
185
186
529
703
704
234
235
769
973
974
975
976
977
978
979
980
981
982
464
969
970
503
504
276
277
278
279
280
281
522
523
524
525
526
527
528
529
530
474
475
476
154
155
156
157
158
753
754
755
756
757
758
759
760
761
762
763
764
765
766
767
768
769
770
771
772
773
593
594
595
596
597
598
599
600
601
602
603
683
684
685
678
679
680
755
756
757
758
759
760
52
53
54
55
569
570
316
317
187
188
189
207
848
849
478
479
480
481
561
562
563
564
565
566
567
568
569
570
571
572
573
574
575
576
577
578
579
580
838
629
396
397
694
142
996
997
998
0
1
2
3
583
584
585
586
587
588
589
24
775
776
564
565
566
567
669
670
750
751
752
753
302
567
568
569
570
571
572
573
574
575
576
577
578
579
580
581
515
386
387
929
495
496
497
498
499
500
501
502
503
504
285
809
810
765
766
767
768
627
628
629
630
607
608
11
12
13
910
911
912
913
914
915
916
917
830
831
168
180
181
182
183
589
590
591
592
593
594
595
596
597
598
599
650
651
764
413
414
415
416
417
418
419
420
399
860
861
862
863
454
455
456
457
880
754
755
756
450
451
452
453
454
846
847
848
849
850
851
852
853
854
855
856
857
226
227
228
229
230
231
232
233
234
235
236
237
238
239
240
241
242
243
777
778
881
882
883
884
885
886
821
822
823
824
825
670
671
672
673
674
675
552
553
554
555
556
557
558
559
560
561
562
563
564
727
728
729
730
731
732
733
934
935
936
937
938
939
940
941
942
671
672
466
467
468
469
470
471
472
473
474
910
911
912
389
365
366
367
368
369
370
371
372
965
966
967
968
969
66
67
238
239
804
815
816
817
818
819
820
42
43
575
403
404
405
264
265
266
567
568
569
570
571
572
173
174
175
176
177
178
179
180
181
182
527
528
529
530
531
744
745
746
481
482
483
636
637
638
639
640
641
642
643
644
645
646
647
648
600
601
602
603
604
605
606
607
608
609
933
934
286
935
664
665
666
667
668
471
472
473
474
475
476
147
148
149
150
151
152
205
206
207
208
209
461
723
724
725
726
727
728
671
672
30
31
32
33
34
35
36
37
38
39
40
41
42
43
44
45
46
47
48
49
50
51
52
53
54
194
195
170
171
135
136
137
138
139
210
240
241
242
243
244
245
449
450
451
452
453
454
455
456
457
458
459
884
885
886
214
215
216
217
218
219
272
273
274
275
276
277
278
435
436
709
710
711
712
713
714
715
716
798
799
800
118
119
120
121
122
123
429
430
1
161
162
163
164
702
703
704
705
706
707
708
316
317
318
319
320
321
322
323
324
325
326
327
328
329
330
331
332
333
334
335
336
337
338
339
340
341
342
343
344
687
688
689
690
691
692
693
694
695
696
697
698
225
226
227
228
229
230
538
539
540
541
542
543
544
545
294
295
296
297
298
299
601
102
103
104
105
106
107
244
245
246
247
248
249
250
251
600
601
602
603
604
605
689
690
691
220
221
222
223
224
225
226
337
338
339
340
448
129
130
396
397
398
399
400
401
202
203
204
205
252
253
254
255
256
769
770
771
772
773
774
775
776
777
778
803
804
490
491
492
220
221
3
4
5
6
7
8
9
10
11
12
13
14
80
81
82
83
84
85
427
428
429
430
431
432
433
434
450
253
254
255
256
257
673
674
675
124
128
557
558
469
470
471
472
473
224
225
951
952
650
651
149
76
773
913
914
915
916
917
918
153
154
155
156
157
158
193
194
195
196
197
198
199
836
837
838
839
840
841
842
843
844
355
650
651
652
653
654
655
656
657
658
659
660
708
709
710
711
712
713
356
357
358
359
360
361
362
363
364
365
366
285
286
287
288
846
814
815
816
817
818
819
996
997
998
94
95
96
60
61
62
240
241
242
243
244
245
246
247
248
249
894
895
873
874
875
876
877
878
879
880
881
882
883
884
189
190
191
192
193
194
195
196
197
809
470
471
472
473
316
317
424
425
49
856
857
858
859
860
861
862
863
864
355
356
473
474
475
476
624
625
626
627
628
629
630
631
632
633
634
635
636
637
51
52
53
54
55
56
537
255
256
257
258
259
993
994
995
996
141
142
143
492
493
494
495
496
497
498
499
500
501
333
334
565
566
567
568
569
570
571
246
247
207
208
209
210
211
212
213
214
215
216
217
218
219
220
726
727
475
311
312
313
376
208
209
210
75
76
77
78
79
80
875
876
216
217
218
179
180
181
182
183
184
185
23
24
141
142
143
144
145
146
147
148
149
150
151
152
153
154
987
988
989
990
991
992
993
994
995
996
997
998
0
624
625
626
627
628
629
630
631
768
769
770
771
772
773
774
775
776
777
778
779
780
102
103
104
105
106
625
626
627
628
629
630
631
632
633
272
273
274
275
276
277
278
279
394
395
396
397
398
399
400
401
402
85
86
87
88
89
90
91
92
535
536
537
538
539
540
541
542
543
189
190
191
192
365
366
367
368
924
637
638
639
640
641
642
643
644
645
646
647
229
392
393
394
395
396
397
398
399
400
557
844
845
846
762
763
764
765
766
854
855
856
857
858
232
233
20
735
736
737
738
739
740
741
742
743
744
745
746
747
748
749
750
126
127
128
403
404
405
406
491
492
493
270
271
272
273
274
275
276
277
278
279
280
281
282
398
399
400
401
402
403
336
337
338
339
126
127
128
129
957
792
556
154
367
368
369
370
371
228
229
230
231
232
233
234
235
161
162
163
164
165
166
167
60
516
517
518
519
611
612
613
793
794
795
796
797
798
799
800
801
802
803
804
805
806
807
808
809
810
811
812
886
413
414
415
416
417
418
419
420
421
422
423
424
425
426
427
428
429
430
431
432
433
434
435
436
437
438
439
453
454
455
456
457
458
824
825
826
827
599
600
601
602
603
830
324
325
239
240
241
242
243
244
245
246
247
248
794
492
493
494
495
496
497
498
94
95
96
97
98
99
100
686
687
688
689
690
691
692
693
694
695
816
817
818
819
510
640
641
642
643
644
645
646
647
648
649
168
169
170
444
445
467
468
469
470
471
671
672
673
674
675
676
677
678
679
328
329
540
541
542
397
398
399
400
401
402
403
404
927
928
929
930
931
932
559
417
418
419
420
421
422
423
424
810
811
812
813
814
815
816
817
818
819
820
821
177
178
735
736
737
619
620
621
622
623
962
930
931
932
348
349
350
351
352
353
354
355
356
357
358
359
360
361
722
723
724
725
726
727
478
479
673
674
468
469
470
471
472
601
602
427
428
429
430
900
979
980
981
982
983
984
985
986
987
988
989
990
991
992
350
351
352
353
354
355
547
939
940
941
942
943
944
402
403
404
405
406
31
32
33
34
35
36
37
38
39
745
746
747
748
51
52
552
553
554
555
556
557
558
559
560
13
14
15
766
767
768
511
28
29
30
31
32
33
34
35
36
526
527
528
529
389
390
889
890
891
892
893
580
581
582
583
584
335
336
599
328
329
330
331
332
333
334
413
414
252
253
254
255
256
257
258
259
258
259
260
746
747
748
749
750
751
752
753
754
755
756
757
758
759
760
761
70
71
72
73
74
75
76
77
78
888
889
890
891
892
893
894
11
12
13
14
15
16
781
782
167
168
169
170
171
172
173
174
175
274
275
276
277
278
279
280
281
282
896
495
496
858
859
860
861
862
863
864
566
567
568
569
570
571
620
621
622
531
532
358
359
925
926
927
928
929
930
931
932
933
934
642
643
644
645
646
647
474
475
78
79
80
746
747
629
630
50
51
52
867
868
869
870
871
872
873
606
607
608
609
361
362
363
364
365
523
524
525
768
769
770
771
772
773
774
851
852
819
325
326
327
18
19
818
819
820
821
822
823
824
1
2
3
4
5
6
7
8
9
10
11
12
358
359
360
361
362
363
364
365
323
457
458
459
460
461
462
738
739
740
741
742
743
557
464
465
466
467
663
664
665
638
639
640
641
642
576
577
578
579
667
668
669
670
671
742
423
424
120
121
122
123
124
125
126
127
128
179
39
40
41
42
43
44
281
282
283
284
285
286
305
306
307
898
899
900
901
742
743
744
745
746
747
748
749
750
771
239
240
241
242
243
244
831
578
909
456
457
458
459
460
461
462
463
464
424
425
702
703
704
705
706
707
708
709
710
711
913
914
915
916
917
918
919
920
921
922
923
979
15
244
245
246
748
749
750
751
752
753
754
755
756
765
766
767
576
577
578
232
233
234
31
32
33
34
35
272
273
274
275
276
277
278
279
280
281
282
905
906
907
908
909
910
564
565
566
567
568
569
570
571
572
573
215
216
217
691
692
537
538
539
212
636
637
262
263
264
265
266
859
860
861
862
151
107
108
833
834
835
836
837
838
839
840
841
842
843
844
845
846
17
18
19
20
21
22
23
24
25
26
27
27
28
29
30
31
32
33
34
35
36
37
38
39
40
695
636
994
995
996
865
181
182
183
927
928
929
930
931
815
816
817
818
819
820
155
156
157
158
159
160
161
162
163
164
932
933
830
831
832
833
834
835
228
229
230
231
232
233
234
170
171
172
173
174
175
176
137
138
139
140
276
277
969
326
327
430
431
257
258
209
210
211
212
213
214
504
505
506
507
508
509
510
511
206
207
208
200
201
202
203
204
205
693
694
695
696
697
582
583
584
585
988
221
222
223
224
225
226
227
228
229
230
231
232
233
234
446
447
378
379
380
381
382
78
79
80
174
175
176
177
178
179
180
181
182
715
716
717
718
719
720
721
722
723
901
902
903
951
952
686
687
688
689
690
691
692
693
139
701
702
722
723
724
725
726
280
281
282
283
284
285
286
287
288
37
38
39
40
41
42
43
44
45
46
215
216
217
218
219
220
850
851
852
853
854
855
856
857
858
859
860
861
862
863
864
148
895
593
594
595
596
597
59
60
61
62
63
64
65
66
67
68
69
70
71
837
838
839
840
841
396
397
398
399
400
401
402
768
769
770
771
772
446
447
448
2
3
4
997
998
491
492
493
494
495
496
497
498
499
500
501
471
472
591
592
593
594
286
886
887
888
889
890
891
38
39
706
1
2
3
4
5
6
7
667
978
979
980
981
982
861
862
863
56
57
58
830
831
603
604
605
569
570
571
572
573
574
575
576
593
594
595
596
597
598
599
982
983
984
985
40
41
272
273
274
275
276
277
701
702
703
279
280
281
282
283
284
285
286
287
288
289
290
291
292
293
294
295
296
297
266
267
631
632
633
833
834
835
959
960
961
962
963
964
807
808
511
512
425
426
427
428
429
430
431
432
433
434
435
436
437
438
765
766
710
711
712
764
765
766
767
863
864
865
866
867
868
869
870
871
872
340
341
342
343
344
345
683
684
685
686
687
688
689
690
691
79
379
987
988
989
990
991
992
993
994
995
996
997
998
0
1
2
3
4
5
6
7
8
9
10
11
408
409
410
411
412
176
177
178
179
180
242
243
485
486
487
488
186
187
862
863
864
865
866
867
868
869
870
871
872
873
874
875
876
877
878
879
880
881
882
883
427
428
429
430
431
907
908
909
910
911
912
913
914
915
916
917
45
46
47
513
514
515
516
517
518
637
638
639
640
641
642
643
644
645
646
647
810
777
778
779
780
781
840
841
842
843
844
845
846
847
411
412
413
414
415
416
417
418
419
420
421
467
468
469
470
471
472
473
474
475
908
909
910
651
269
270
271
272
273
742
743
299
300
301
302
63
64
65
66
67
68
69
70
71
865
866
867
451
144
145
146
235
253
254
851
852
853
854
893
359
360
361
362
363
364
909
910
911
912
913
69
70
71
287
288
495
496
497
61
30
31
32
33
259
260
261
736
737
104
177
132
133
491
492
493
494
495
496
497
498
499
500
501
502
503
504
505
506
507
508
509
223
224
225
226
227
228
229
230
231
232
233
650
651
245
246
247
248
249
250
251
252
253
254
255
256
257
258
259
260
261
262
263
264
265
935
936
937
938
939
609
610
611
612
613
614
615
0
1
2
3
785
122
123
124
125
126
127
128
129
130
131
132
133
118
119
631
632
109
110
111
112
113
212
213
214
781
782
783
784
785
439
440
441
442
443
444
445
446
447
448
449
450
355
356
357
358
359
360
431
432
433
434
435
436
437
438
439
910
911
912
936
123
373
374
375
376
377
378
379
380
381
382
383
384
44
45
826
689
690
691
692
216
217
218
219
220
221
436
437
830
597
715
716
717
718
205
206
207
208
209
210
211
212
58
59
60
61
62
63
869
870
871
872
873
874
875
876
200
201
202
203
170
171
172
173
174
175
4
950
951
952
953
954
955
956
580
581
181
182
183
184
185
186
187
188
227
228
229
230
231
232
233
234
235
236
878
879
880
881
882
883
884
885
886
887
888
889
311
312
313
314
315
731
732
733
769
770
771
675
676
677
678
595
596
597
598
599
600
601
370
371
372
373
122
123
124
125
126
920
921
922
923
764
944
945
191
192
458
945
589
590
591
592
26
27
28
29
30
31
32
33
34
35
36
37
38
39
40
41
42
43
44
45
46
47
48
49
50
51
52
53
54
764
765
766
767
768
769
770
970
971
972
973
974
975
976
977
978
340
341
342
343
344
345
346
347
348
349
752
753
754
755
756
757
758
997
998
0
367
368
369
370
371
372
373
374
809
810
811
714
89
90
4
5
6
7
8
9
10
232
233
234
235
236
237
238
239
240
241
242
984
985
986
987
988
989
990
991
992
993
913
914
817
797
798
799
800
801
802
803
804
805
806
807
808
809
810
811
812
813
814
815
816
817
818
819
820
821
822
823
100
75
76
77
78
79
80
81
566
567
568
569
640
641
642
643
644
645
646
647
648
649
650
651
209
210
211
212
213
214
238
239
240
241
242
243
180
181
182
183
184
185
186
187
188
189
190
191
192
193
194
195
196
197
603
493
494
846
873
874
875
876
877
878
879
880
881
882
883
953
382
891
892
893
894
895
896
897
451
452
453
454
455
456
457
458
459
460
461
18
19
20
934
935
936
937
630
631
632
314
315
316
317
817
818
819
820
915
371
372
948
949
950
219
710
711
712
713
449
450
822
823
824
825
511
512
513
514
515
516
517
361
362
21
22
23
24
25
26
366
367
368
369
370
371
372
373
374
375
585
586
587
588
589
590
780
781
782
783
784
785
786
787
788
789
790
791
792
793
794
795
107
993
994
995
996
997
998
0
1
781
193
194
195
196
197
198
772
773
774
775
776
437
438
7
8
9
10
11
12
13
14
15
16
17
18
19
20
21
268
269
270
271
556
557
526
769
770
771
772
773
774
775
776
777
528
157
158
159
160
161
162
163
164
165
33
34
35
36
37
13
14
15
70
122
123
124
125
310
856
857
858
859
860
861
642
643
644
477
478
479
480
481
482
483
521
522
748
653
654
655
141
142
469
637
589
590
878
879
880
881
882
883
884
151
152
153
154
155
544
545
546
547
566
567
568
569
570
571
572
488
489
490
491
492
493
494
495
212
213
214
215
216
217
218
78
79
80
81
82
83
84
85
885
886
887
888
745
746
72
73
734
303
304
305
306
307
333
576
577
578
15
598
599
600
601
575
986
987
988
989
990
991
992
228
229
230
34
35
36
936
937
938
939
940
941
942
943
944
888
889
890
801
802
803
804
805
806
807
808
136
137
138
139
140
141
142
23
24
25
26
27
28
29
30
31
32
33
313
314
315
316
317
318
319
320
321
322
323
324
325
326
327
328
329
330
654
655
656
334
525
526
527
528
529
530
531
532
533
534
535
907
908
909
910
911
912
913
914
492
493
938
939
940
941
942
943
944
945
946
947
948
949
276
277
278
279
280
121
122
123
124
909
493
494
495
496
497
368
369
370
371
372
373
374
126
453
454
455
456
959
960
961
962
963
964
965
966
967
968
969
970
971
972
120
121
122
123
172
173
174
175
176
177
178
179
180
181
182
183
184
339
340
818
819
820
821
822
823
824
417
418
419
420
421
422
423
424
425
426
427
428
429
430
431
303
304
305
331
332
333
747
748
749
750
751
752
753
754
160
161
162
163
47
48
49
50
980
981
982
983
984
985
986
987
988
989
990
991
992
993
994
995
996
997
998
0
1
2
206
253
322
290
99
100
977
978
979
980
981
982
706
707
97
814
815
816
817
818
444
806
807
808
809
810
544
545
546
547
548
549
759
760
761
762
219
220
221
222
889
270
271
272
273
274
275
276
277
278
279
280
281
275
276
277
944
945
569
570
763
764
179
180
181
182
183
184
185
186
898
899
900
901
907
908
909
634
635
636
637
638
639
640
641
699
700
701
702
703
704
705
706
707
555
972
973
447
448
449
450
451
452
453
454
455
456
457
140
141
142
143
144
145
675
3
4
5
6
223
224
225
226
227
228
229
230
982
983
984
23
384
385
386
387
388
389
390
391
392
393
394
389
135
136
137
138
139
140
141
142
143
144
145
146
76
77
78
79
80
81
82
83
84
85
586
587
588
836
837
838
839
840
841
842
843
844
845
846
847
848
704
705
113
114
353
354
355
356
357
439
440
419
420
421
422
137
138
139
523
524
525
526
527
528
529
530
531
676
677
678
679
680
681
682
683
103
104
105
106
217
218
219
220
221
222
548
549
550
159
695
696
697
698
699
700
701
702
703
704
705
173
174
568
318
319
320
321
761
762
763
764
347
348
349
350
351
352
353
354
355
356
357
358
359
360
361
362
363
364
365
366
367
368
369
370
371
372
373
374
950
749
750
751
752
753
754
755
756
757
758
759
760
135
136
137
138
139
140
141
142
149
150
545
546
573
574
218
219
220
221
222
223
224
225
226
810
811
812
813
935
936
937
938
939
448
449
450
451
452
453
454
455
423
424
425
722
723
560
816
817
976
977
270
271
272
273
728
729
644
645
646
647
648
649
650
651
116
117
118
677
678
679
680
681
682
683
684
685
361
362
363
364
51
52
53
54
99
293
294
178
179
180
195
630
501
502
503
389
390
391
964
965
966
967
258
259
260
261
262
263
264
265
266
267
268
298
299
300
301
302
303
304
305
306
307
308
309
310
117
118
283
284
285
286
287
288
289
999
1
2
139
140
141
142
143
144
145
146
864
28
29
30
31
32
33
34
35
448
449
450
451
452
453
454
455
456
457
458
459
862
425
258
259
260
261
458
459
454
455
456
457
458
459
460
461
462
463
464
465
466
467
468
836
837
838
839
840
841
842
843
844
845
846
847
116
117
118
119
291
292
293
294
286
287
288
289
290
291
292
293
127
347
348
349
350
351
352
353
354
355
356
357
358
359
318
319
320
321
685
686
687
688
689
690
899
900
901
902
340
341
342
343
344
345
954
955
956
957
958
959
960
961
962
963
964
965
966
425
426
283
614
615
616
617
618
619
620
621
622
623
624
625
626
627
628
723
724
725
726
727
728
37
38
39
40
41
42
43
44
45
46
47
48
251
885
886
887
888
889
890
891
892
893
894
895
896
788
789
790
791
792
793
794
795
796
797
798
799
800
801
802
83
84
85
86
87
88
89
441
442
443
318
353
354
355
356
357
358
359
360
361
362
300
301
302
303
304
305
306
307
308
309
310
311
824
608
609
610
611
767
768
769
770
771
772
773
774
775
776
777
778
779
780
781
782
783
784
785
786
787
788
789
790
660
661
405
406
407
408
409
410
411
412
413
414
415
416
417
418
419
420
864
865
692
693
111
112
113
114
115
995
996
997
998
782
783
784
785
786
787
788
789
790
791
792
793
873
874
666
891
892
893
583
825
826
416
417
418
419
420
421
422
260
261
72
73
74
75
76
77
195
196
197
945
946
947
948
949
950
951
952
329
330
331
332
333
334
335
229
230
231
232
233
234
623
624
625
626
627
628
629
630
979
980
981
982
983
984
985
986
987
988
989
990
991
992
993
994
995
154
155
552
553
554
555
806
807
808
809
810
811
812
813
814
815
816
817
818
819
820
821
822
99
100
101
102
103
104
105
106
669
670
978
979
997
998
0
1
2
3
346
347
348
349
350
655
656
657
658
659
660
661
662
663
664
665
666
667
668
669
670
452
453
62
63
64
65
66
67
68
69
70
635
680
681
234
235
847
758
759
760
761
762
763
764
765
766
767
768
672
673
469
470
471
472
473
238
239
240
241
242
243
244
245
246
377
378
148
149
150
151
152
153
154
155
340
341
342
343
344
345
229
230
231
232
233
234
235
236
883
884
885
886
887
888
889
761
762
763
764
765
766
767
768
769
770
771
772
788
367
368
641
642
643
164
165
166
735
736
737
738
739
740
741
742
743
744
745
746
747
748
749
161
162
163
164
165
166
167
168
169
170
163
164
165
166
823
824
825
826
827
828
829
736
737
376
377
378
85
86
205
206
207
208
209
210
211
212
213
214
215
319
522
630
631
632
252
253
254
255
256
257
258
259
260
261
262
14
15
920
921
922
923
924
925
926
927
928
351
352
82
83
774
775
776
786
787
788
789
790
791
792
793
40
41
42
43
44
45
46
47
48
49
38
39
623
624
625
626
302
303
304
811
812
813
814
815
353
354
355
356
405
406
407
408
409
410
411
412
413
824
825
826
827
828
829
830
831
832
833
834
835
499
500
350
351
352
780
811
749
750
751
752
836
837
838
839
840
841
842
843
844
845
846
29
30
31
32
33
34
35
36
37
38
613
614
615
616
617
618
258
259
260
261
262
263
264
265
266
267
268
269
270
271
272
273
274
275
276
277
278
279
541
542
543
544
545
546
520
521
522
523
524
525
526
527
439
440
441
442
443
444
445
446
56
57
58
59
60
758
759
760
761
762
763
764
765
802
803
804
805
806
807
464
90
91
92
93
94
95
96
97
98
99
903
904
905
906
907
908
909
353
873
874
420
421
422
423
424
681
682
683
684
685
686
100
124
770
771
772
773
774
775
776
777
778
779
780
781
782
783
784
990
991
868
577
559
560
561
562
563
564
565
566
567
568
465
466
467
468
469
457
458
459
460
461
462
463
464
465
466
467
468
469
470
471
472
473
474
392
386
387
388
389
390
391
392
393
394
827
828
829
830
831
761
876
99
91
92
93
94
95
96
102
103
104
105
106
107
108
89
90
91
92
93
94
95
96
97
98
99
100
101
102
899
900
901
902
903
904
519
520
521
522
523
524
525
355
356
357
358
359
865
866
867
868
869
870
871
872
954
955
365
366
531
532
533
534
535
536
537
538
539
540
541
542
543
544
545
546
790
791
792
793
794
795
796
797
798
243
244
245
246
247
248
249
250
51
52
53
54
788
789
790
746
747
748
749
750
751
752
675
676
677
327
328
329
330
331
332
333
334
335
31
32
33
34
35
36
37
38
39
40
41
42
43
44
45
46
47
48
49
50
525
526
527
528
529
530
531
896
897
571
572
573
574
575
576
577
340
341
671
672
673
674
675
676
677
678
679
680
681
682
683
684
685
686
687
688
689
430
431
432
433
434
435
831
275
276
277
278
279
280
281
282
283
471
542
543
692
693
947
948
949
950
951
952
953
954
672
673
674
675
676
677
90
91
92
93
94
95
96
97
98
99
100
589
590
591
592
593
397
398
399
400
401
60
61
72
73
74
75
76
77
78
79
121
122
123
844
845
846
847
848
849
814
396
577
578
579
580
581
582
583
584
585
586
587
588
589
590
786
787
788
789
602
784
785
101
102
103
104
105
847
848
849
850
851
852
853
854
855
856
857
617
618
619
620
621
622
451
869
870
871
872
873
874
875
876
877
878
879
880
881
805
806
807
808
809
810
811
812
813
814
804
754
755
756
757
93
94
95
377
525
526
527
804
805
806
807
808
809
640
641
642
643
237
238
239
240
241
242
243
244
245
246
247
248
371
562
563
564
565
566
567
568
569
570
571
572
734
733
734
108
109
110
111
112
113
533
717
275
276
277
278
364
365
366
367
368
369
370
78
79
80
81
82
83
84
85
86
87
12
13
14
15
16
17
18
229
230
231
232
833
834
835
836
837
838
839
840
841
842
843
844
845
846
847
848
849
391
392
393
394
395
396
397
398
399
400
401
90
91
92
93
94
95
96
97
98
431
421
422
423
308
309
310
311
312
313
314
315
375
376
377
378
379
380
381
382
383
384
385
322
323
628
629
630
631
554
555
556
557
558
559
560
561
562
563
525
526
527
804
805
806
807
808
809
575
576
577
578
770
771
772
773
774
775
776
648
649
650
140
322
323
324
325
984
985
832
833
260
261
262
263
264
915
916
917
707
708
709
710
711
712
713
714
619
620
621
622
623
624
625
626
627
628
629
630
631
632
633
634
965
966
967
968
969
970
971
972
260
725
726
102
103
104
455
369
370
371
372
373
374
375
376
377
378
379
380
381
382
383
489
490
491
492
493
198
199
200
201
202
203
204
205
206
207
743
744
495
496
497
498
499
618
619
620
439
440
441
442
443
590
591
592
593
594
595
596
597
598
679
321
322
532
533
534
535
536
542
875
876
877
764
765
766
767
768
769
770
205
206
207
208
776
777
778
779
780
781
782
783
784
785
786
787
660
661
662
663
664
665
666
667
668
669
39
40
41
42
43
44
45
46
929
930
931
556
925
926
927
928
929
772
773
774
775
776
777
778
612
613
614
615
616
617
618
426
427
428
429
430
431
896
897
898
170
171
808
809
810
811
812
813
814
815
816
817
818
819
820
821
822
823
824
825
826
827
828
829
830
831
832
833
253
491
492
493
689
690
691
692
693
694
695
696
697
698
699
700
701
702
603
604
388
833
834
927
928
378
379
380
381
382
383
384
385
386
387
388
389
390
391
392
876
877
878
879
880
881
882
882
883
539
540
223
224
43
44
484
284
285
286
287
288
870
871
941
942
943
944
945
601
430
431
248
249
272
273
274
275
276
277
278
279
280
281
282
283
103
642
643
644
645
646
506
53
54
55
377
805
806
807
808
809
810
811
812
813
35
36
37
38
39
40
41
42
43
44
45
46
240
241
353
67
740
741
742
743
744
745
234
235
236
237
709
710
464
465
466
467
468
469
190
191
192
193
194
195
196
197
198
199
235
236
11
12
13
14
15
16
17
812
813
814
815
816
817
668
669
670
671
672
673
674
675
676
16
17
18
218
219
220
76
77
466
467
375
376
377
378
379
380
381
382
383
384
392
393
394
395
396
397
398
399
400
401
755
756
757
228
229
230
231
351
352
353
354
355
855
856
857
858
859
860
861
862
863
864
865
333
202
203
204
647
648
649
650
651
652
653
654
125
126
127
128
129
130
131
132
133
935
936
937
938
939
940
941
942
943
944
945
946
947
948
949
950
951
776
777
778
779
780
781
782
783
784
785
786
787
788
333
334
335
336
337
338
339
340
341
342
343
344
788
66
67
178
179
180
181
182
183
184
185
186
187
110
111
112
113
114
115
116
117
459
460
461
462
463
464
971
972
973
974
