0
1
2
3
4
5
6
7
8
9
10
11
12
13
9807
7357
3
4
5
6
7
8
9
10
11
12
13
9807
7357
7358
7359
7360
7357
7358
7359
7360
7361
9
10
11
12
13
9807
7357
7358
7359
7360
7357
7358
7359
7360
7361
7362
7363
10063
7815
7816
7817
7818
7819
7820
7821
7822
7823
7824
7825
7826
12193
12194
12195
12196
12197
12198
12199
12200
12201
12202
12014
12015
12016
15016
15017
15018
13854
13855
13856
13857
13858
13859
13860
13861
14854
14855
14856
14857
14858
14859
14860
12038
12039
12040
10766
10767
10768
1338
1339
1340
6775
6776
6777
6778
6779
6780
4983
4984
4985
4986
4987
4988
4989
4990
4991
4992
4993
4994
4995
4996
4997
4998
4999
5000
5001
2351
2352
2353
2354
2355
2356
2357
12784
12785
7816
7817
7818
7819
7820
7821
7822
7823
7824
7825
7826
12193
12194
12195
12196
12197
12198
12199
12200
12201
12202
12014
12015
12016
15016
15017
15018
13854
13855
13856
13857
13858
13859
13860
13861
14854
14855
14856
14857
14858
14859
14860
12038
12039
12040
10766
10767
10768
1338
1339
1340
6775
6776
6777
6778
6779
6780
4983
4984
4985
4986
4987
4988
4989
4990
4991
4992
4993
4994
4995
4996
4997
4998
4999
5000
5001
2351
2352
2353
2354
2355
2356
2357
12784
12785
12786
12787
12788
12789
2497
2498
2499
2500
2501
2502
5622
5623
12589
12590
12591
12592
12593
12594
12595
12596
8262
8263
13019
13921
13922
3666
14225
14226
7606
7607
7608
7609
14829
14830
14831
14832
12754
12755
3089
3090
3091
3092
3093
3094
9833
9834
9835
9836
9837
9838
9839
9840
9841
9842
9843
9844
9845
9846
5329
5330
5331
2355
2356
2357
12784
12785
7816
7817
7818
7819
7820
7821
7822
7823
7824
7825
7826
12193
12194
12195
12196
12197
12198
12199
12200
12201
12202
12014
12015
12016
15016
15017
15018
13854
13855
13856
13857
13858
13859
13860
13861
14854
14855
14856
14857
14858
14859
14860
12038
12039
12040
10766
10767
10768
1338
1339
1340
6775
6776
6777
6778
6779
6780
4983
4984
4985
4986
4987
4988
4989
4990
4991
4992
4993
4994
4995
4996
4997
4998
4999
5000
5001
2351
2352
2353
2354
2355
2356
2357
12784
12785
12786
12787
12788
12789
2497
2498
2499
2500
2501
2502
5622
5623
12589
12590
12591
12592
12593
12594
12595
12596
8262
8263
13019
13921
13922
3666
14225
14226
7606
7607
7608
7609
14829
14830
14831
14832
12754
12755
3089
3090
3091
3092
3093
3094
9833
9834
9835
9836
9837
9838
9839
9840
9841
9842
9843
9844
9845
9846
5329
5330
5331
5332
5333
5334
1256
4954
13263
13305
13306
13307
13308
13309
13310
7823
7824
7825
7826
12193
12194
12195
12196
12197
12198
12199
12200
12201
12202
12014
12015
12016
15016
15017
15018
13854
13855
13856
13857
13858
13859
13860
13861
14854
14855
14856
14857
14858
14859
14860
12038
12039
12040
10766
10767
10768
1338
1339
1340
6775
6776
6777
6778
6779
6780
4983
4984
4985
4986
4987
4988
4989
4990
4991
4992
4993
4994
4995
4996
4997
4998
4999
5000
5001
2351
2352
2353
2354
2355
2356
2357
12784
12785
12786
12787
12788
12789
2497
2498
2499
2500
2501
2502
5622
5623
12589
12590
12591
12592
12593
12594
12595
12596
8262
8263
13019
13921
13922
3666
14225
14226
7606
7607
7608
7609
14829
14830
14831
14832
12754
12755
3089
3090
3091
3092
3093
3094
9833
9834
9835
9836
9837
9838
9839
9840
9841
9842
9843
9844
9845
9846
5329
5330
5331
5332
5333
5334
1256
4954
13263
13305
13306
13307
13308
13309
13310
10092
10093
10094
10095
10096
10097
10098
10099
10100
10101
10102
10103
10104
10105
10106
10107
10108
10109
10110
10111
10112
10113
10114
10115
10116
10117
10118
10119
10120
684
685
686
687
688
689
690
691
692
693
694
695
696
697
1340
6775
6776
6777
6778
6779
6780
4983
4984
4985
4986
4987
4988
4989
4990
4991
4992
4993
4994
4995
4996
4997
4998
4999
5000
5001
2351
2352
2353
2354
2355
2356
2357
12784
12785
12786
12787
12788
12789
2497
2498
2499
2500
2501
2502
5622
5623
12589
12590
12591
12592
12593
12594
12595
12596
8262
8263
13019
13921
13922
3666
14225
14226
7606
7607
7608
7609
14829
14830
14831
14832
12754
12755
3089
3090
3091
3092
3093
3094
9833
9834
9835
9836
9837
9838
9839
9840
9841
9842
9843
9844
9845
9846
5329
5330
5331
5332
5333
5334
1256
4954
13263
13305
13306
13307
13308
13309
13310
10092
10093
10094
10095
10096
10097
10098
10099
10100
10101
10102
10103
10104
10105
10106
10107
10108
10109
10110
10111
10112
10113
10114
10115
10116
10117
10118
10119
10120
684
685
686
687
688
689
690
691
692
693
694
695
696
697
698
699
700
701
9147
9148
9149
9150
9151
9152
9153
9154
9155
9156
9157
9158
9840
9841
9842
9843
9844
9845
9846
5329
5330
5331
5332
5333
5334
1256
4954
13263
13305
13306
13307
13308
13309
13310
10092
10093
10094
10095
10096
10097
10098
10099
10100
10101
10102
10103
10104
10105
10106
10107
10108
10109
10110
10111
10112
10113
10114
10115
10116
10117
10118
10119
10120
684
685
686
687
688
689
690
691
692
693
694
695
696
697
698
699
700
701
9147
9148
9149
9150
9151
9152
9153
9154
9155
9156
9157
9158
4477
9167
9168
9169
9170
4566
4567
4568
12095
12096
5132
5133
5134
5135
5136
1453
1454
2145
2146
2147
2148
2149
185
186
187
9652
9653
9654
5137
5138
5139
5140
5141
5142
5143
5144
5145
5146
5147
5148
5149
5150
5151
5152
5153
5154
5155
5156
5157
5158
5159
4787
4788
4789
4790
4791
1852
1853
1854
1855
1856
1857
1858
1859
1860
1861
6642
6643
6644
6645
6646
6647
6648
6649
6650
6651
6652
6653
6654
6655
6656
6657
5542
5543
5544
5545
5546
5547
5548
5549
5550
5551
5552
14513
14514
14515
14516
14517
1649
1650
1651
1652
10102
10103
10104
10105
10106
10107
10108
10109
10110
10111
10112
10113
10114
10115
10116
10117
10118
10119
10120
684
685
686
687
688
689
690
691
692
693
694
695
696
697
698
699
700
701
9147
9148
9149
9150
9151
9152
9153
9154
9155
9156
9157
9158
4477
9167
9168
9169
9170
4566
4567
4568
12095
12096
5132
5133
5134
5135
5136
1453
1454
2145
2146
2147
2148
2149
185
186
187
9652
9653
9654
5137
5138
5139
5140
5141
5142
5143
5144
5145
5146
5147
5148
5149
5150
5151
5152
5153
5154
5155
5156
5157
5158
5159
4787
4788
4789
4790
4791
1852
1853
1854
1855
1856
1857
1858
1859
1860
1861
6642
6643
6644
6645
6646
6647
6648
6649
6650
6651
6652
6653
6654
6655
6656
6657
5542
5543
5544
5545
5546
5547
5548
5549
5550
5551
5552
14513
14514
14515
14516
14517
1649
1650
1651
1652
1653
1654
1655
1656
1657
1658
1659
1660
1661
1662
1663
10113
10114
10115
10116
10117
10118
10119
10120
684
685
686
687
688
689
690
691
692
693
694
695
696
697
698
699
700
701
9147
9148
9149
9150
9151
9152
9153
9154
9155
9156
9157
9158
4477
9167
9168
9169
9170
4566
4567
4568
12095
12096
5132
5133
5134
5135
5136
1453
1454
2145
2146
2147
2148
2149
185
186
187
9652
9653
9654
5137
5138
5139
5140
5141
5142
5143
5144
5145
5146
5147
5148
5149
5150
5151
5152
5153
5154
5155
5156
5157
5158
5159
4787
4788
4789
4790
4791
1852
1853
1854
1855
1856
1857
1858
1859
1860
1861
6642
6643
6644
6645
6646
6647
6648
6649
6650
6651
6652
6653
6654
6655
6656
6657
5542
5543
5544
5545
5546
5547
5548
5549
5550
5551
5552
14513
14514
14515
14516
14517
1649
1650
1651
1652
1653
1654
1655
1656
1657
1658
1659
1660
1661
1662
1663
5018
5019
5020
5021
5022
5023
10119
10120
684
685
686
687
688
689
690
691
692
693
694
695
696
697
698
699
700
701
9147
9148
9149
9150
9151
9152
9153
9154
9155
9156
9157
9158
4477
9167
9168
9169
9170
4566
4567
4568
12095
12096
5132
5133
5134
5135
5136
1453
1454
2145
2146
2147
2148
2149
185
186
187
9652
9653
9654
5137
5138
5139
5140
5141
5142
5143
5144
5145
5146
5147
5148
5149
5150
5151
5152
5153
5154
5155
5156
5157
5158
5159
4787
4788
4789
4790
4791
1852
1853
1854
1855
1856
1857
1858
1859
1860
1861
6642
6643
6644
6645
6646
6647
6648
6649
6650
6651
6652
6653
6654
6655
6656
6657
5542
5543
5544
5545
5546
5547
5548
5549
5550
5551
5552
14513
14514
14515
14516
14517
1649
1650
1651
1652
1653
1654
1655
1656
1657
1658
1659
1660
1661
1662
1663
5018
5019
5020
5021
5022
5023
5024
5025
5026
5027
5028
9346
9347
9348
9349
9350
9351
9352
9353
9354
9355
9356
9357
9358
9359
9360
9361
9148
9149
9150
9151
9152
9153
9154
9155
9156
9157
9158
4477
9167
9168
9169
9170
4566
4567
4568
12095
12096
5132
5133
5134
5135
5136
1453
1454
2145
2146
2147
2148
2149
185
186
187
9652
9653
9654
5137
5138
5139
5140
5141
5142
5143
5144
5145
5146
5147
5148
5149
5150
5151
5152
5153
5154
5155
5156
5157
5158
5159
4787
4788
4789
4790
4791
1852
1853
1854
1855
1856
1857
1858
1859
1860
1861
6642
6643
6644
6645
6646
6647
6648
6649
6650
6651
6652
6653
6654
6655
6656
6657
5542
5543
5544
5545
5546
5547
5548
5549
5550
5551
5552
14513
14514
14515
14516
14517
1649
1650
1651
1652
1653
1654
1655
1656
1657
1658
1659
1660
1661
1662
1663
5018
5019
5020
5021
5022
5023
5024
5025
5026
5027
5028
9346
9347
9348
9349
9350
9351
9352
9353
9354
9355
9356
9357
9358
9359
9360
9361
9362
9363
9364
9365
9366
9367
9368
9369
9156
9157
9158
4477
9167
9168
9169
9170
4566
4567
4568
12095
12096
5132
5133
5134
5135
5136
1453
1454
2145
2146
2147
2148
2149
185
186
187
9652
9653
9654
5137
5138
5139
5140
5141
5142
5143
5144
5145
5146
5147
5148
5149
5150
5151
5152
5153
5154
5155
5156
5157
5158
5159
4787
4788
4789
4790
4791
1852
1853
1854
1855
1856
1857
1858
1859
1860
1861
6642
6643
6644
6645
6646
6647
6648
6649
6650
6651
6652
6653
6654
6655
6656
6657
5542
5543
5544
5545
5546
5547
5548
5549
5550
5551
5552
14513
14514
14515
14516
14517
1649
1650
1651
1652
1653
1654
1655
1656
1657
1658
1659
1660
1661
1662
1663
5018
5019
5020
5021
5022
5023
5024
5025
5026
5027
5028
9346
9347
9348
9349
9350
9351
9352
9353
9354
9355
9356
9357
9358
9359
9360
9361
9362
9363
9364
9365
9366
9367
9368
9369
9370
9371
9372
9373
9374
9375
2344
2345
7164
7165
7166
7167
7168
7169
9225
9226
9227
9228
9809
1454
2145
2146
2147
2148
2149
185
186
187
9652
9653
9654
5137
5138
5139
5140
5141
5142
5143
5144
5145
5146
5147
5148
5149
5150
5151
5152
5153
5154
5155
5156
5157
5158
5159
4787
4788
4789
4790
4791
1852
1853
1854
1855
1856
1857
1858
1859
1860
1861
6642
6643
6644
6645
6646
6647
6648
6649
6650
6651
6652
6653
6654
6655
6656
6657
5542
5543
5544
5545
5546
5547
5548
5549
5550
5551
5552
14513
14514
14515
14516
14517
1649
1650
1651
1652
1653
1654
1655
1656
1657
1658
1659
1660
1661
1662
1663
5018
5019
5020
5021
5022
5023
5024
5025
5026
5027
5028
9346
9347
9348
9349
9350
9351
9352
9353
9354
9355
9356
9357
9358
9359
9360
9361
9362
9363
9364
9365
9366
9367
9368
9369
9370
9371
9372
9373
9374
9375
2344
2345
7164
7165
7166
7167
7168
7169
9225
9226
9227
9228
9809
9810
87
88
89
90
91
92
93
94
95
96
12871
12872
12873
12874
4561
4562
4563
4564
4565
4566
4567
4568
4569
4570
4571
4572
4573
4574
4575
4576
4577
4578
4579
4580
4581
11665
11666
11667
13770
13771
13772
13773
13774
13775
13776
12915
12916
12917
12918
12919
12920
12921
12922
7257
7258
7259
8628
8629
8630
8631
8632
1264
1265
6656
6657
5542
5543
5544
5545
5546
5547
5548
5549
5550
5551
5552
14513
14514
14515
14516
14517
1649
1650
1651
1652
1653
1654
1655
1656
1657
1658
1659
1660
1661
1662
1663
5018
5019
5020
5021
5022
5023
5024
5025
5026
5027
5028
9346
9347
9348
9349
9350
9351
9352
9353
9354
9355
9356
9357
9358
9359
9360
9361
9362
9363
9364
9365
9366
9367
9368
9369
9370
9371
9372
9373
9374
9375
2344
2345
7164
7165
7166
7167
7168
7169
9225
9226
9227
9228
9809
9810
87
88
89
90
91
92
93
94
95
96
12871
12872
12873
12874
4561
4562
4563
4564
4565
4566
4567
4568
4569
4570
4571
4572
4573
4574
4575
4576
4577
4578
4579
4580
4581
11665
11666
11667
13770
13771
13772
13773
13774
13775
13776
12915
12916
12917
12918
12919
12920
12921
12922
7257
7258
7259
8628
8629
8630
8631
8632
1264
1265
1266
1267
1268
77
78
79
7992
5547
5548
5549
5550
5551
5552
14513
14514
14515
14516
14517
1649
1650
1651
1652
1653
1654
1655
1656
1657
1658
1659
1660
1661
1662
1663
5018
5019
5020
5021
5022
5023
5024
5025
5026
5027
5028
9346
9347
9348
9349
9350
9351
9352
9353
9354
9355
9356
9357
9358
9359
9360
9361
9362
9363
9364
9365
9366
9367
9368
9369
9370
9371
9372
9373
9374
9375
2344
2345
7164
7165
7166
7167
7168
7169
9225
9226
9227
9228
9809
9810
87
88
89
90
91
92
93
94
95
96
12871
12872
12873
12874
4561
4562
4563
4564
4565
4566
4567
4568
4569
4570
4571
4572
4573
4574
4575
4576
4577
4578
4579
4580
4581
11665
11666
11667
13770
13771
13772
13773
13774
13775
13776
12915
12916
12917
12918
12919
12920
12921
12922
7257
7258
7259
8628
8629
8630
8631
8632
1264
1265
1266
1267
1268
77
78
79
7992
7993
7994
7995
5550
5551
5552
14513
14514
14515
14516
14517
1649
1650
1651
1652
1653
1654
1655
1656
1657
1658
1659
1660
1661
1662
1663
5018
5019
5020
5021
5022
5023
5024
5025
5026
5027
5028
9346
9347
9348
9349
9350
9351
9352
9353
9354
9355
9356
9357
9358
9359
9360
9361
9362
9363
9364
9365
9366
9367
9368
9369
9370
9371
9372
9373
9374
9375
2344
2345
7164
7165
7166
7167
7168
7169
9225
9226
9227
9228
9809
9810
87
88
89
90
91
92
93
94
95
96
12871
12872
12873
12874
4561
4562
4563
4564
4565
4566
4567
4568
4569
4570
4571
4572
4573
4574
4575
4576
4577
4578
4579
4580
4581
11665
11666
11667
13770
13771
13772
13773
13774
13775
13776
12915
12916
12917
12918
12919
12920
12921
12922
7257
7258
7259
8628
8629
8630
8631
8632
1264
1265
1266
1267
1268
77
78
79
7992
7993
7994
7995
7996
7997
7998
7999
8000
8001
8002
8003
8004
354
355
356
3285
3286
3287
3288
3289
3290
3291
3292
11036
9718
9719
9720
9721
9722
9723
9724
9725
9726
9727
9728
9729
9730
9731
9347
9348
9349
9350
9351
9352
9353
9354
9355
9356
9357
9358
9359
9360
9361
9362
9363
9364
9365
9366
9367
9368
9369
9370
9371
9372
9373
9374
9375
2344
2345
7164
7165
7166
7167
7168
7169
9225
9226
9227
9228
9809
9810
87
88
89
90
91
92
93
94
95
96
12871
12872
12873
12874
4561
4562
4563
4564
4565
4566
4567
4568
4569
4570
4571
4572
4573
4574
4575
4576
4577
4578
4579
4580
4581
11665
11666
11667
13770
13771
13772
13773
13774
13775
13776
12915
12916
12917
12918
12919
12920
12921
12922
7257
7258
7259
8628
8629
8630
8631
8632
1264
1265
1266
1267
1268
77
78
79
7992
7993
7994
7995
7996
7997
7998
7999
8000
8001
8002
8003
8004
354
355
356
3285
3286
3287
3288
3289
3290
3291
3292
11036
9718
9719
9720
9721
9722
9723
9724
9725
9726
9727
9728
9729
9730
9731
1649
1650
1651
1652
3978
9352
9353
9354
9355
9356
9357
9358
9359
9360
9361
9362
9363
9364
9365
9366
9367
9368
9369
9370
9371
9372
9373
9374
9375
2344
2345
7164
7165
7166
7167
7168
7169
9225
9226
9227
9228
9809
9810
87
88
89
90
91
92
93
94
95
96
12871
12872
12873
12874
4561
4562
4563
4564
4565
4566
4567
4568
4569
4570
4571
4572
4573
4574
4575
4576
4577
4578
4579
4580
4581
11665
11666
11667
13770
13771
13772
13773
13774
13775
13776
12915
12916
12917
12918
12919
12920
12921
12922
7257
7258
7259
8628
8629
8630
8631
8632
1264
1265
1266
1267
1268
77
78
79
7992
7993
7994
7995
7996
7997
7998
7999
8000
8001
8002
8003
8004
354
355
356
3285
3286
3287
3288
3289
3290
3291
3292
11036
9718
9719
9720
9721
9722
9723
9724
9725
9726
9727
9728
9729
9730
9731
1649
1650
1651
1652
3978
3979
3980
9354
9355
9356
9357
9358
9359
9360
9361
9362
9363
9364
9365
9366
9367
9368
9369
9370
9371
9372
9373
9374
9375
2344
2345
7164
7165
7166
7167
7168
7169
9225
9226
9227
9228
9809
9810
87
88
89
90
91
92
93
94
95
96
12871
12872
12873
12874
4561
4562
4563
4564
4565
4566
4567
4568
4569
4570
4571
4572
4573
4574
4575
4576
4577
4578
4579
4580
4581
11665
11666
11667
13770
13771
13772
13773
13774
13775
13776
12915
12916
12917
12918
12919
12920
12921
12922
7257
7258
7259
8628
8629
8630
8631
8632
1264
1265
1266
1267
1268
77
78
79
7992
7993
7994
7995
7996
7997
7998
7999
8000
8001
8002
8003
8004
354
355
356
3285
3286
3287
3288
3289
3290
3291
3292
11036
9718
9719
9720
9721
9722
9723
9724
9725
9726
9727
9728
9729
9730
9731
1649
1650
1651
1652
3978
3979
3980
15992
15993
15994
15995
15996
15997
15998
9361
9362
9363
9364
9365
9366
9367
9368
9369
9370
9371
9372
9373
9374
9375
2344
2345
7164
7165
7166
7167
7168
7169
9225
9226
9227
9228
9809
9810
87
88
89
90
91
92
93
94
95
96
12871
12872
12873
12874
4561
4562
4563
4564
4565
4566
4567
4568
4569
4570
4571
4572
4573
4574
4575
4576
4577
4578
4579
4580
4581
11665
11666
11667
13770
13771
13772
13773
13774
13775
13776
12915
12916
12917
12918
12919
12920
12921
12922
7257
7258
7259
8628
8629
8630
8631
8632
1264
1265
1266
1267
1268
77
78
79
7992
7993
7994
7995
7996
7997
7998
7999
8000
8001
8002
8003
8004
354
355
356
3285
3286
3287
3288
3289
3290
3291
3292
11036
9718
9719
9720
9721
9722
9723
9724
9725
9726
9727
9728
9729
9730
9731
1649
1650
1651
1652
3978
3979
3980
15992
15993
15994
15995
15996
15997
15998
0
1
2
3
4
5
6
8846
5032
5033
5034
5035
5036
9704
9705
2670
2671
2672
2673
2674
2675
2676
3624
3625
15369
15370
9228
9809
9810
87
88
89
90
91
92
93
94
95
96
12871
12872
12873
12874
4561
4562
4563
4564
4565
4566
4567
4568
4569
4570
4571
4572
4573
4574
4575
4576
4577
4578
4579
4580
4581
11665
11666
11667
13770
13771
13772
13773
13774
13775
13776
12915
12916
12917
12918
12919
12920
12921
12922
7257
7258
7259
8628
8629
8630
8631
8632
1264
1265
1266
1267
1268
77
78
79
7992
7993
7994
7995
7996
7997
7998
7999
8000
8001
8002
8003
8004
354
355
356
3285
3286
3287
3288
3289
3290
3291
3292
11036
9718
9719
9720
9721
9722
9723
9724
9725
9726
9727
9728
9729
9730
9731
1649
1650
1651
1652
3978
3979
3980
15992
15993
15994
15995
15996
15997
15998
0
1
2
3
4
5
6
8846
5032
5033
5034
5035
5036
9704
9705
2670
2671
2672
2673
2674
2675
2676
3624
3625
15369
15370
15371
7746
7747
7748
7749
7750
7751
91
92
93
94
95
96
12871
12872
12873
12874
4561
4562
4563
4564
4565
4566
4567
4568
4569
4570
4571
4572
4573
4574
4575
4576
4577
4578
4579
4580
4581
11665
11666
11667
13770
13771
13772
13773
13774
13775
13776
12915
12916
12917
12918
12919
12920
12921
12922
7257
7258
7259
8628
8629
8630
8631
8632
1264
1265
1266
1267
1268
77
78
79
7992
7993
7994
7995
7996
7997
7998
7999
8000
8001
8002
8003
8004
354
355
356
3285
3286
3287
3288
3289
3290
3291
3292
11036
9718
9719
9720
9721
9722
9723
9724
9725
9726
9727
9728
9729
9730
9731
1649
1650
1651
1652
3978
3979
3980
15992
15993
15994
15995
15996
15997
15998
0
1
2
3
4
5
6
8846
5032
5033
5034
5035
5036
9704
9705
2670
2671
2672
2673
2674
2675
2676
3624
3625
15369
15370
15371
7746
7747
7748
7749
7750
7751
7752
7753
7754
7755
14398
96
12871
12872
12873
12874
4561
4562
4563
4564
4565
4566
4567
4568
4569
4570
4571
4572
4573
4574
4575
4576
4577
4578
4579
4580
4581
11665
11666
11667
13770
13771
13772
13773
13774
13775
13776
12915
12916
12917
12918
12919
12920
12921
12922
7257
7258
7259
8628
8629
8630
8631
8632
1264
1265
1266
1267
1268
77
78
79
7992
7993
7994
7995
7996
7997
7998
7999
8000
8001
8002
8003
8004
354
355
356
3285
3286
3287
3288
3289
3290
3291
3292
11036
9718
9719
9720
9721
9722
9723
9724
9725
9726
9727
9728
9729
9730
9731
1649
1650
1651
1652
3978
3979
3980
15992
15993
15994
15995
15996
15997
15998
0
1
2
3
4
5
6
8846
5032
5033
5034
5035
5036
9704
9705
2670
2671
2672
2673
2674
2675
2676
3624
3625
15369
15370
15371
7746
7747
7748
7749
7750
7751
7752
7753
7754
7755
14398
14399
14400
14401
14402
14403
14404
14405
4225
4226
4227
4228
4229
4230
4231
12050
12051
12052
12053
12054
12055
12056
12057
12058
12059
12060
12061
12062
12063
12064
12065
719
720
721
722
723
724
3488
3489
3490
13011
12919
12920
12921
12922
7257
7258
7259
8628
8629
8630
8631
8632
1264
1265
1266
1267
1268
77
78
79
7992
7993
7994
7995
7996
7997
7998
7999
8000
8001
8002
8003
8004
354
355
356
3285
3286
3287
3288
3289
3290
3291
3292
11036
9718
9719
9720
9721
9722
9723
9724
9725
9726
9727
9728
9729
9730
9731
1649
1650
1651
1652
3978
3979
3980
15992
15993
15994
15995
15996
15997
15998
0
1
2
3
4
5
6
8846
5032
5033
5034
5035
5036
9704
9705
2670
2671
2672
2673
2674
2675
2676
3624
3625
15369
15370
15371
7746
7747
7748
7749
7750
7751
7752
7753
7754
7755
14398
14399
14400
14401
14402
14403
14404
14405
4225
4226
4227
4228
4229
4230
4231
12050
12051
12052
12053
12054
12055
12056
12057
12058
12059
12060
12061
12062
12063
12064
12065
719
720
721
722
723
724
3488
3489
3490
13011
13012
13013
13014
13015
13016
13017
13018
6636
3358
3359
3360
3361
3362
12633
12634
12635
12636
12637
78
79
7992
7993
7994
7995
7996
7997
7998
7999
8000
8001
8002
8003
8004
354
355
356
3285
3286
3287
3288
3289
3290
3291
3292
11036
9718
9719
9720
9721
9722
9723
9724
9725
9726
9727
9728
9729
9730
9731
1649
1650
1651
1652
3978
3979
3980
15992
15993
15994
15995
15996
15997
15998
0
1
2
3
4
5
6
8846
5032
5033
5034
5035
5036
9704
9705
2670
2671
2672
2673
2674
2675
2676
3624
3625
15369
15370
15371
7746
7747
7748
7749
7750
7751
7752
7753
7754
7755
14398
14399
14400
14401
14402
14403
14404
14405
4225
4226
4227
4228
4229
4230
4231
12050
12051
12052
12053
12054
12055
12056
12057
12058
12059
12060
12061
12062
12063
12064
12065
719
720
721
722
723
724
3488
3489
3490
13011
13012
13013
13014
13015
13016
13017
13018
6636
3358
3359
3360
3361
3362
12633
12634
12635
12636
12637
12638
12639
12640
12641
12642
12643
12644
12645
12646
12647
12648
12649
13742
13743
13744
354
355
356
3285
3286
3287
3288
3289
3290
3291
3292
11036
9718
9719
9720
9721
9722
9723
9724
9725
9726
9727
9728
9729
9730
9731
1649
1650
1651
1652
3978
3979
3980
15992
15993
15994
15995
15996
15997
15998
0
1
2
3
4
5
6
8846
5032
5033
5034
5035
5036
9704
9705
2670
2671
2672
2673
2674
2675
2676
3624
3625
15369
15370
15371
7746
7747
7748
7749
7750
7751
7752
7753
7754
7755
14398
14399
14400
14401
14402
14403
14404
14405
4225
4226
4227
4228
4229
4230
4231
12050
12051
12052
12053
12054
12055
12056
12057
12058
12059
12060
12061
12062
12063
12064
12065
719
720
721
722
723
724
3488
3489
3490
13011
13012
13013
13014
13015
13016
13017
13018
6636
3358
3359
3360
3361
3362
12633
12634
12635
12636
12637
12638
12639
12640
12641
12642
12643
12644
12645
12646
12647
12648
12649
13742
13743
13744
13745
13746
6680
6681
5305
5306
5307
5308
3290
3291
3292
11036
9718
9719
9720
9721
9722
9723
9724
9725
9726
9727
9728
9729
9730
9731
1649
1650
1651
1652
3978
3979
3980
15992
15993
15994
15995
15996
15997
15998
0
1
2
3
4
5
6
8846
5032
5033
5034
5035
5036
9704
9705
2670
2671
2672
2673
2674
2675
2676
3624
3625
15369
15370
15371
7746
7747
7748
7749
7750
7751
7752
7753
7754
7755
14398
14399
14400
14401
14402
14403
14404
14405
4225
4226
4227
4228
4229
4230
4231
12050
12051
12052
12053
12054
12055
12056
12057
12058
12059
12060
12061
12062
12063
12064
12065
719
720
721
722
723
724
3488
3489
3490
13011
13012
13013
13014
13015
13016
13017
13018
6636
3358
3359
3360
3361
3362
12633
12634
12635
12636
12637
12638
12639
12640
12641
12642
12643
12644
12645
12646
12647
12648
12649
13742
13743
13744
13745
13746
6680
6681
5305
5306
5307
5308
5309
5310
5311
5312
5313
5314
5315
5316
259
260
261
262
263
264
265
266
267
268
269
4705
4706
4707
4708
4709
4710
4711
4712
4713
4714
4715
4716
4717
4718
4719
4720
4721
4722
4723
4724
13383
13384
13385
5468
5469
5470
5471
5472
5250
5251
5252
5253
5254
5255
13102
979
3625
15369
15370
15371
7746
7747
7748
7749
7750
7751
7752
7753
7754
7755
14398
14399
14400
14401
14402
14403
14404
14405
4225
4226
4227
4228
4229
4230
4231
12050
12051
12052
12053
12054
12055
12056
12057
12058
12059
12060
12061
12062
12063
12064
12065
719
720
721
722
723
724
3488
3489
3490
13011
13012
13013
13014
13015
13016
13017
13018
6636
3358
3359
3360
3361
3362
12633
12634
12635
12636
12637
12638
12639
12640
12641
12642
12643
12644
12645
12646
12647
12648
12649
13742
13743
13744
13745
13746
6680
6681
5305
5306
5307
5308
5309
5310
5311
5312
5313
5314
5315
5316
259
260
261
262
263
264
265
266
267
268
269
4705
4706
4707
4708
4709
4710
4711
4712
4713
4714
4715
4716
4717
4718
4719
4720
4721
4722
4723
4724
13383
13384
13385
5468
5469
5470
5471
5472
5250
5251
5252
5253
5254
5255
13102
979
3625
15369
15370
15371
7746
7747
7748
7749
7750
7751
7752
7753
7754
7755
14398
14399
14400
14401
14402
14403
14404
14405
4225
4226
4227
4228
4229
4230
4231
12050
12051
12052
12053
12054
12055
12056
12057
12058
12059
12060
12061
12062
12063
12064
12065
719
720
721
722
723
724
3488
3489
3490
13011
13012
13013
13014
13015
13016
13017
13018
6636
3358
3359
3360
3361
3362
12633
12634
12635
12636
12637
12638
12639
12640
12641
12642
12643
12644
12645
12646
12647
12648
12649
13742
13743
13744
13745
13746
6680
6681
5305
5306
5307
5308
5309
5310
5311
5312
5313
5314
5315
5316
259
260
261
262
263
264
265
266
267
268
269
4705
4706
4707
4708
4709
4710
4711
4712
4713
4714
4715
4716
4717
4718
4719
4720
4721
4722
4723
4724
13383
13384
13385
5468
5469
5470
5471
5472
5250
5251
5252
5253
5254
5255
13102
979
14226
14227
14228
14229
14230
14231
14232
14233
7750
7751
7752
7753
7754
7755
14398
14399
14400
14401
14402
14403
14404
14405
4225
4226
4227
4228
4229
4230
4231
12050
12051
12052
12053
12054
12055
12056
12057
12058
12059
12060
12061
12062
12063
12064
12065
719
720
721
722
723
724
3488
3489
3490
13011
13012
13013
13014
13015
13016
13017
13018
6636
3358
3359
3360
3361
3362
12633
12634
12635
12636
12637
12638
12639
12640
12641
12642
12643
12644
12645
12646
12647
12648
12649
13742
13743
13744
13745
13746
6680
6681
5305
5306
5307
5308
5309
5310
5311
5312
5313
5314
5315
5316
259
260
261
262
263
264
265
266
267
268
269
4705
4706
4707
4708
4709
4710
4711
4712
4713
4714
4715
4716
4717
4718
4719
4720
4721
4722
4723
4724
13383
13384
13385
5468
5469
5470
5471
5472
5250
5251
5252
5253
5254
5255
13102
979
14226
14227
14228
14229
14230
14231
14232
14233
14234
14235
1935
1936
7754
7755
14398
14399
14400
14401
14402
14403
14404
14405
4225
4226
4227
4228
4229
4230
4231
12050
12051
12052
12053
12054
12055
12056
12057
12058
12059
12060
12061
12062
12063
12064
12065
719
720
721
722
723
724
3488
3489
3490
13011
13012
13013
13014
13015
13016
13017
13018
6636
3358
3359
3360
3361
3362
12633
12634
12635
12636
12637
12638
12639
12640
12641
12642
12643
12644
12645
12646
12647
12648
12649
13742
13743
13744
13745
13746
6680
6681
5305
5306
5307
5308
5309
5310
5311
5312
5313
5314
5315
5316
259
260
261
262
263
264
265
266
267
268
269
4705
4706
4707
4708
4709
4710
4711
4712
4713
4714
4715
4716
4717
4718
4719
4720
4721
4722
4723
4724
13383
13384
13385
5468
5469
5470
5471
5472
5250
5251
5252
5253
5254
5255
13102
979
14226
14227
14228
14229
14230
14231
14232
14233
14234
14235
1935
1936
1937
6794
6795
6796
6797
6798
10801
8012
8013
6109
6110
6111
6112
4228
4229
4230
4231
12050
12051
12052
12053
12054
12055
12056
12057
12058
12059
12060
12061
12062
12063
12064
12065
719
720
721
722
723
724
3488
3489
3490
13011
13012
13013
13014
13015
13016
13017
13018
6636
3358
3359
3360
3361
3362
12633
12634
12635
12636
12637
12638
12639
12640
12641
12642
12643
12644
12645
12646
12647
12648
12649
13742
13743
13744
13745
13746
6680
6681
5305
5306
5307
5308
5309
5310
5311
5312
5313
5314
5315
5316
259
260
261
262
263
264
265
266
267
268
269
4705
4706
4707
4708
4709
4710
4711
4712
4713
4714
4715
4716
4717
4718
4719
4720
4721
4722
4723
4724
13383
13384
13385
5468
5469
5470
5471
5472
5250
5251
5252
5253
5254
5255
13102
979
14226
14227
14228
14229
14230
14231
14232
14233
14234
14235
1935
1936
1937
6794
6795
6796
6797
6798
10801
8012
8013
6109
6110
6111
6112
6113
6114
6115
6116
6117
12051
12052
12053
12054
12055
12056
12057
12058
12059
12060
12061
12062
12063
12064
12065
719
720
721
722
723
724
3488
3489
3490
13011
13012
13013
13014
13015
13016
13017
13018
6636
3358
3359
3360
3361
3362
12633
12634
12635
12636
12637
12638
12639
12640
12641
12642
12643
12644
12645
12646
12647
12648
12649
13742
13743
13744
13745
13746
6680
6681
5305
5306
5307
5308
5309
5310
5311
5312
5313
5314
5315
5316
259
260
261
262
263
264
265
266
267
268
269
4705
4706
4707
4708
4709
4710
4711
4712
4713
4714
4715
4716
4717
4718
4719
4720
4721
4722
4723
4724
13383
13384
13385
5468
5469
5470
5471
5472
5250
5251
5252
5253
5254
5255
13102
979
14226
14227
14228
14229
14230
14231
14232
14233
14234
14235
1935
1936
1937
6794
6795
6796
6797
6798
10801
8012
8013
6109
6110
6111
6112
6113
6114
6115
6116
6117
6118
14655
14656
14657
14658
14659
14660
14661
14662
2025
2026
2027
2028
2950
2951
2952
2953
2954
1458
1459
1460
1461
3489
3490
13011
13012
13013
13014
13015
13016
13017
13018
6636
3358
3359
3360
3361
3362
12633
12634
12635
12636
12637
12638
12639
12640
12641
12642
12643
12644
12645
12646
12647
12648
12649
13742
13743
13744
13745
13746
6680
6681
5305
5306
5307
5308
5309
5310
5311
5312
5313
5314
5315
5316
259
260
261
262
263
264
265
266
267
268
269
4705
4706
4707
4708
4709
4710
4711
4712
4713
4714
4715
4716
4717
4718
4719
4720
4721
4722
4723
4724
13383
13384
13385
5468
5469
5470
5471
5472
5250
5251
5252
5253
5254
5255
13102
979
14226
14227
14228
14229
14230
14231
14232
14233
14234
14235
1935
1936
1937
6794
6795
6796
6797
6798
10801
8012
8013
6109
6110
6111
6112
6113
6114
6115
6116
6117
6118
14655
14656
14657
14658
14659
14660
14661
14662
2025
2026
2027
2028
2950
2951
2952
2953
2954
1458
1459
1460
1461
1462
1463
1464
1465
1466
1467
1468
1469
1470
1471
1472
8337
8338
3275
3276
3277
3278
3279
3280
3281
3282
3283
3284
3285
3286
3287
3288
3289
3290
3291
3292
3293
3294
3295
3296
3297
3298
5700
5701
5702
5703
5150
5151
14794
14795
14796
1479
1480
1670
1671
4594
4595
8260
6848
261
262
263
264
265
266
267
268
269
4705
4706
4707
4708
4709
4710
4711
4712
4713
4714
4715
4716
4717
4718
4719
4720
4721
4722
4723
4724
13383
13384
13385
5468
5469
5470
5471
5472
5250
5251
5252
5253
5254
5255
13102
979
14226
14227
14228
14229
14230
14231
14232
14233
14234
14235
1935
1936
1937
6794
6795
6796
6797
6798
10801
8012
8013
6109
6110
6111
6112
6113
6114
6115
6116
6117
6118
14655
14656
14657
14658
14659
14660
14661
14662
2025
2026
2027
2028
2950
2951
2952
2953
2954
1458
1459
1460
1461
1462
1463
1464
1465
1466
1467
1468
1469
1470
1471
1472
8337
8338
3275
3276
3277
3278
3279
3280
3281
3282
3283
3284
3285
3286
3287
3288
3289
3290
3291
3292
3293
3294
3295
3296
3297
3298
5700
5701
5702
5703
5150
5151
14794
14795
14796
1479
1480
1670
1671
4594
4595
8260
6848
6849
262
263
264
265
266
267
268
269
4705
4706
4707
4708
4709
4710
4711
4712
4713
4714
4715
4716
4717
4718
4719
4720
4721
4722
4723
4724
13383
13384
13385
5468
5469
5470
5471
5472
5250
5251
5252
5253
5254
5255
13102
979
14226
14227
14228
14229
14230
14231
14232
14233
14234
14235
1935
1936
1937
6794
6795
6796
6797
6798
10801
8012
8013
6109
6110
6111
6112
6113
6114
6115
6116
6117
6118
14655
14656
14657
14658
14659
14660
14661
14662
2025
2026
2027
2028
2950
2951
2952
2953
2954
1458
1459
1460
1461
1462
1463
1464
1465
1466
1467
1468
1469
1470
1471
1472
8337
8338
3275
3276
3277
3278
3279
3280
3281
3282
3283
3284
3285
3286
3287
3288
3289
3290
3291
3292
3293
3294
3295
3296
3297
3298
5700
5701
5702
5703
5150
5151
14794
14795
14796
1479
1480
1670
1671
4594
4595
8260
6848
6849
6850
9859
9860
9861
9862
10175
10176
10177
10178
10179
10180
10181
10182
10183
10184
10185
10186
10187
10188
10179
10180
10181
10182
10183
10184
10185
10186
10187
10188
13384
13385
5468
5469
5470
5471
5472
5250
5251
5252
5253
5254
5255
13102
979
14226
14227
14228
14229
14230
14231
14232
14233
14234
14235
1935
1936
1937
6794
6795
6796
6797
6798
10801
8012
8013
6109
6110
6111
6112
6113
6114
6115
6116
6117
6118
14655
14656
14657
14658
14659
14660
14661
14662
2025
2026
2027
2028
2950
2951
2952
2953
2954
1458
1459
1460
1461
1462
1463
1464
1465
1466
1467
1468
1469
1470
1471
1472
8337
8338
3275
3276
3277
3278
3279
3280
3281
3282
3283
3284
3285
3286
3287
3288
3289
3290
3291
3292
3293
3294
3295
3296
3297
3298
5700
5701
5702
5703
5150
5151
14794
14795
14796
1479
1480
1670
1671
4594
4595
8260
6848
6849
6850
9859
9860
9861
9862
10175
10176
10177
10178
10179
10180
10181
10182
10183
10184
10185
10186
10187
10188
10179
10180
10181
10182
10183
10184
10185
10186
10187
10188
10189
10190
10191
10192
10193
10194
10195
13296
13297
13298
13299
13300
13301
13302
7103
7104
7105
7106
7107
7108
7109
7110
7111
7112
7113
7114
1936
1937
6794
6795
6796
6797
6798
10801
8012
8013
6109
6110
6111
6112
6113
6114
6115
6116
6117
6118
14655
14656
14657
14658
14659
14660
14661
14662
2025
2026
2027
2028
2950
2951
2952
2953
2954
1458
1459
1460
1461
1462
1463
1464
1465
1466
1467
1468
1469
1470
1471
1472
8337
8338
3275
3276
3277
3278
3279
3280
3281
3282
3283
3284
3285
3286
3287
3288
3289
3290
3291
3292
3293
3294
3295
3296
3297
3298
5700
5701
5702
5703
5150
5151
14794
14795
14796
1479
1480
1670
1671
4594
4595
8260
6848
6849
6850
9859
9860
9861
9862
10175
10176
10177
10178
10179
10180
10181
10182
10183
10184
10185
10186
10187
10188
10179
10180
10181
10182
10183
10184
10185
10186
10187
10188
10189
10190
10191
10192
10193
10194
10195
13296
13297
13298
13299
13300
13301
13302
7103
7104
7105
7106
7107
7108
7109
7110
7111
7112
7113
7114
7115
9186
9187
9188
9189
9190
6966
6967
6968
6969
6970
6971
6972
6973
6974
6975
6976
6977
6978
6979
6980
8468
8469
8470
3594
3595
3596
3597
3598
3599
3600
10936
376
377
378
379
380
381
382
383
384
385
386
387
2708
2709
2710
2711
2712
2713
2714
2715
2716
2717
2718
15087
11582
11583
11584
15840
15221
3282
3283
3284
3285
3286
3287
3288
3289
3290
3291
3292
3293
3294
3295
3296
3297
3298
5700
5701
5702
5703
5150
5151
14794
14795
14796
1479
1480
1670
1671
4594
4595
8260
6848
6849
6850
9859
9860
9861
9862
10175
10176
10177
10178
10179
10180
10181
10182
10183
10184
10185
10186
10187
10188
10179
10180
10181
10182
10183
10184
10185
10186
10187
10188
10189
10190
10191
10192
10193
10194
10195
13296
13297
13298
13299
13300
13301
13302
7103
7104
7105
7106
7107
7108
7109
7110
7111
7112
7113
7114
7115
9186
9187
9188
9189
9190
6966
6967
6968
6969
6970
6971
6972
6973
6974
6975
6976
6977
6978
6979
6980
8468
8469
8470
3594
3595
3596
3597
3598
3599
3600
10936
376
377
378
379
380
381
382
383
384
385
386
387
2708
2709
2710
2711
2712
2713
2714
2715
2716
2717
2718
15087
11582
11583
11584
15840
15221
15222
4205
4206
4207
4208
4209
4210
4211
7529
7530
7531
7532
7533
3295
3296
3297
3298
5700
5701
5702
5703
5150
5151
14794
14795
14796
1479
1480
1670
1671
4594
4595
8260
6848
6849
6850
9859
9860
9861
9862
10175
10176
10177
10178
10179
10180
10181
10182
10183
10184
10185
10186
10187
10188
10179
10180
10181
10182
10183
10184
10185
10186
10187
10188
10189
10190
10191
10192
10193
10194
10195
13296
13297
13298
13299
13300
13301
13302
7103
7104
7105
7106
7107
7108
7109
7110
7111
7112
7113
7114
7115
9186
9187
9188
9189
9190
6966
6967
6968
6969
6970
6971
6972
6973
6974
6975
6976
6977
6978
6979
6980
8468
8469
8470
3594
3595
3596
3597
3598
3599
3600
10936
376
377
378
379
380
381
382
383
384
385
386
387
2708
2709
2710
2711
2712
2713
2714
2715
2716
2717
2718
15087
11582
11583
11584
15840
15221
15222
4205
4206
4207
4208
4209
4210
4211
7529
7530
7531
7532
7533
7534
7535
7536
7537
2745
2746
2747
2748
2749
2750
10481
10482
10483
3484
3485
5471
5472
5473
5474
5475
8172
15725
15726
15727
15728
15729
15730
10175
10176
10177
10178
10179
10180
10181
10182
10183
10184
10185
10186
10187
10188
10179
10180
10181
10182
10183
10184
10185
10186
10187
10188
10189
10190
10191
10192
10193
10194
10195
13296
13297
13298
13299
13300
13301
13302
7103
7104
7105
7106
7107
7108
7109
7110
7111
7112
7113
7114
7115
9186
9187
9188
9189
9190
6966
6967
6968
6969
6970
6971
6972
6973
6974
6975
6976
6977
6978
6979
6980
8468
8469
8470
3594
3595
3596
3597
3598
3599
3600
10936
376
377
378
379
380
381
382
383
384
385
386
387
2708
2709
2710
2711
2712
2713
2714
2715
2716
2717
2718
15087
11582
11583
11584
15840
15221
15222
4205
4206
4207
4208
4209
4210
4211
7529
7530
7531
7532
7533
7534
7535
7536
7537
2745
2746
2747
2748
2749
2750
10481
10482
10483
3484
3485
5471
5472
5473
5474
5475
8172
15725
15726
15727
15728
15729
15730
12225
12226
12227
12228
12166
12167
12168
12169
12170
12171
12172
12173
12174
12175
12176
12177
12178
10182
10183
10184
10185
10186
10187
10188
10189
10190
10191
10192
10193
10194
10195
13296
13297
13298
13299
13300
13301
13302
7103
7104
7105
7106
7107
7108
7109
7110
7111
7112
7113
7114
7115
9186
9187
9188
9189
9190
6966
6967
6968
6969
6970
6971
6972
6973
6974
6975
6976
6977
6978
6979
6980
8468
8469
8470
3594
3595
3596
3597
3598
3599
3600
10936
376
377
378
379
380
381
382
383
384
385
386
387
2708
2709
2710
2711
2712
2713
2714
2715
2716
2717
2718
15087
11582
11583
11584
15840
15221
15222
4205
4206
4207
4208
4209
4210
4211
7529
7530
7531
7532
7533
7534
7535
7536
7537
2745
2746
2747
2748
2749
2750
10481
10482
10483
3484
3485
5471
5472
5473
5474
5475
8172
15725
15726
15727
15728
15729
15730
12225
12226
12227
12228
12166
12167
12168
12169
12170
12171
12172
12173
12174
12175
12176
12177
12178
12179
12180
12181
14101
11280
11281
11282
11283
11284
10191
10192
10193
10194
10195
13296
13297
13298
13299
13300
13301
13302
7103
7104
7105
7106
7107
7108
7109
7110
7111
7112
7113
7114
7115
9186
9187
9188
9189
9190
6966
6967
6968
6969
6970
6971
6972
6973
6974
6975
6976
6977
6978
6979
6980
8468
8469
8470
3594
3595
3596
3597
3598
3599
3600
10936
376
377
378
379
380
381
382
383
384
385
386
387
2708
2709
2710
2711
2712
2713
2714
2715
2716
2717
2718
15087
11582
11583
11584
15840
15221
15222
4205
4206
4207
4208
4209
4210
4211
7529
7530
7531
7532
7533
7534
7535
7536
7537
2745
2746
2747
2748
2749
2750
10481
10482
10483
3484
3485
5471
5472
5473
5474
5475
8172
15725
15726
15727
15728
15729
15730
12225
12226
12227
12228
12166
12167
12168
12169
12170
12171
12172
12173
12174
12175
12176
12177
12178
12179
12180
12181
14101
11280
11281
11282
11283
11284
11285
13556
1886
6854
10195
13296
13297
13298
13299
13300
13301
13302
7103
7104
7105
7106
7107
7108
7109
7110
7111
7112
7113
7114
7115
9186
9187
9188
9189
9190
6966
6967
6968
6969
6970
6971
6972
6973
6974
6975
6976
6977
6978
6979
6980
8468
8469
8470
3594
3595
3596
3597
3598
3599
3600
10936
376
377
378
379
380
381
382
383
384
385
386
387
2708
2709
2710
2711
2712
2713
2714
2715
2716
2717
2718
15087
11582
11583
11584
15840
15221
15222
4205
4206
4207
4208
4209
4210
4211
7529
7530
7531
7532
7533
7534
7535
7536
7537
2745
2746
2747
2748
2749
2750
10481
10482
10483
3484
3485
5471
5472
5473
5474
5475
8172
15725
15726
15727
15728
15729
15730
12225
12226
12227
12228
12166
12167
12168
12169
12170
12171
12172
12173
12174
12175
12176
12177
12178
12179
12180
12181
14101
11280
11281
11282
11283
11284
11285
13556
1886
6854
6855
6856
6857
6858
6859
6860
6861
9218
9219
9220
9221
9222
3300
3301
3302
3303
3304
3305
3306
3307
1503
1504
1505
1506
1507
1508
1509
1510
1511
1512
1513
1514
1515
1516
6974
6975
6976
6977
6978
6979
6980
8468
8469
8470
3594
3595
3596
3597
3598
3599
3600
10936
376
377
378
379
380
381
382
383
384
385
386
387
2708
2709
2710
2711
2712
2713
2714
2715
2716
2717
2718
15087
11582
11583
11584
15840
15221
15222
4205
4206
4207
4208
4209
4210
4211
7529
7530
7531
7532
7533
7534
7535
7536
7537
2745
2746
2747
2748
2749
2750
10481
10482
10483
3484
3485
5471
5472
5473
5474
5475
8172
15725
15726
15727
15728
15729
15730
12225
12226
12227
12228
12166
12167
12168
12169
12170
12171
12172
12173
12174
12175
12176
12177
12178
12179
12180
12181
14101
11280
11281
11282
11283
11284
11285
13556
1886
6854
6855
6856
6857
6858
6859
6860
6861
9218
9219
9220
9221
9222
3300
3301
3302
3303
3304
3305
3306
3307
1503
1504
1505
1506
1507
1508
1509
1510
1511
1512
1513
1514
1515
1516
1517
1518
1519
1520
1521
1522
1523
1524
1525
6842
11571
731
732
733
734
735
736
737
10066
10067
10068
10069
10070
381
382
383
384
385
386
387
2708
2709
2710
2711
2712
2713
2714
2715
2716
2717
2718
15087
11582
11583
11584
15840
15221
15222
4205
4206
4207
4208
4209
4210
4211
7529
7530
7531
7532
7533
7534
7535
7536
7537
2745
2746
2747
2748
2749
2750
10481
10482
10483
3484
3485
5471
5472
5473
5474
5475
8172
15725
15726
15727
15728
15729
15730
12225
12226
12227
12228
12166
12167
12168
12169
12170
12171
12172
12173
12174
12175
12176
12177
12178
12179
12180
12181
14101
11280
11281
11282
11283
11284
11285
13556
1886
6854
6855
6856
6857
6858
6859
6860
6861
9218
9219
9220
9221
9222
3300
3301
3302
3303
3304
3305
3306
3307
1503
1504
1505
1506
1507
1508
1509
1510
1511
1512
1513
1514
1515
1516
1517
1518
1519
1520
1521
1522
1523
1524
1525
6842
11571
731
732
733
734
735
736
737
10066
10067
10068
10069
10070
10071
2114
2115
2116
846
847
848
849
2709
2710
2711
2712
2713
2714
2715
2716
2717
2718
15087
11582
11583
11584
15840
15221
15222
4205
4206
4207
4208
4209
4210
4211
7529
7530
7531
7532
7533
7534
7535
7536
7537
2745
2746
2747
2748
2749
2750
10481
10482
10483
3484
3485
5471
5472
5473
5474
5475
8172
15725
15726
15727
15728
15729
15730
12225
12226
12227
12228
12166
12167
12168
12169
12170
12171
12172
12173
12174
12175
12176
12177
12178
12179
12180
12181
14101
11280
11281
11282
11283
11284
11285
13556
1886
6854
6855
6856
6857
6858
6859
6860
6861
9218
9219
9220
9221
9222
3300
3301
3302
3303
3304
3305
3306
3307
1503
1504
1505
1506
1507
1508
1509
1510
1511
1512
1513
1514
1515
1516
1517
1518
1519
1520
1521
1522
1523
1524
1525
6842
11571
731
732
733
734
735
736
737
10066
10067
10068
10069
10070
10071
2114
2115
2116
846
847
848
849
850
4551
4552
2712
2713
2714
2715
2716
2717
2718
15087
11582
11583
11584
15840
15221
15222
4205
4206
4207
4208
4209
4210
4211
7529
7530
7531
7532
7533
7534
7535
7536
7537
2745
2746
2747
2748
2749
2750
10481
10482
10483
3484
3485
5471
5472
5473
5474
5475
8172
15725
15726
15727
15728
15729
15730
12225
12226
12227
12228
12166
12167
12168
12169
12170
12171
12172
12173
12174
12175
12176
12177
12178
12179
12180
12181
14101
11280
11281
11282
11283
11284
11285
13556
1886
6854
6855
6856
6857
6858
6859
6860
6861
9218
9219
9220
9221
9222
3300
3301
3302
3303
3304
3305
3306
3307
1503
1504
1505
1506
1507
1508
1509
1510
1511
1512
1513
1514
1515
1516
1517
1518
1519
1520
1521
1522
1523
1524
1525
6842
11571
731
732
733
734
735
736
737
10066
10067
10068
10069
10070
10071
2114
2115
2116
846
847
848
849
850
4551
4552
4553
2792
4323
4324
13499
13500
9763
9764
9765
9766
9767
9768
9480
9481
9482
5730
10835
4208
4209
4210
4211
7529
7530
7531
7532
7533
7534
7535
7536
7537
2745
2746
2747
2748
2749
2750
10481
10482
10483
3484
3485
5471
5472
5473
5474
5475
8172
15725
15726
15727
15728
15729
15730
12225
12226
12227
12228
12166
12167
12168
12169
12170
12171
12172
12173
12174
12175
12176
12177
12178
12179
12180
12181
14101
11280
11281
11282
11283
11284
11285
13556
1886
6854
6855
6856
6857
6858
6859
6860
6861
9218
9219
9220
9221
9222
3300
3301
3302
3303
3304
3305
3306
3307
1503
1504
1505
1506
1507
1508
1509
1510
1511
1512
1513
1514
1515
1516
1517
1518
1519
1520
1521
1522
1523
1524
1525
6842
11571
731
732
733
734
735
736
737
10066
10067
10068
10069
10070
10071
2114
2115
2116
846
847
848
849
850
4551
4552
4553
2792
4323
4324
13499
13500
9763
9764
9765
9766
9767
9768
9480
9481
9482
5730
10835
10836
10837
10838
10839
10840
10841
10842
10843
10844
10845
10846
10847
10848
10849
10850
10851
2748
2749
2750
10481
10482
10483
3484
3485
5471
5472
5473
5474
5475
8172
15725
15726
15727
15728
15729
15730
12225
12226
12227
12228
12166
12167
12168
12169
12170
12171
12172
12173
12174
12175
12176
12177
12178
12179
12180
12181
14101
11280
11281
11282
11283
11284
11285
13556
1886
6854
6855
6856
6857
6858
6859
6860
6861
9218
9219
9220
9221
9222
3300
3301
3302
3303
3304
3305
3306
3307
1503
1504
1505
1506
1507
1508
1509
1510
1511
1512
1513
1514
1515
1516
1517
1518
1519
1520
1521
1522
1523
1524
1525
6842
11571
731
732
733
734
735
736
737
10066
10067
10068
10069
10070
10071
2114
2115
2116
846
847
848
849
850
4551
4552
4553
2792
4323
4324
13499
13500
9763
9764
9765
9766
9767
9768
9480
9481
9482
5730
10835
10836
10837
10838
10839
10840
10841
10842
10843
10844
10845
10846
10847
10848
10849
10850
10851
6220
6221
6222
13558
15289
15290
15291
15292
6236
6237
6238
6239
5475
8172
15725
15726
15727
15728
15729
15730
12225
12226
12227
12228
12166
12167
12168
12169
12170
12171
12172
12173
12174
12175
12176
12177
12178
12179
12180
12181
14101
11280
11281
11282
11283
11284
11285
13556
1886
6854
6855
6856
6857
6858
6859
6860
6861
9218
9219
9220
9221
9222
3300
3301
3302
3303
3304
3305
3306
3307
1503
1504
1505
1506
1507
1508
1509
1510
1511
1512
1513
1514
1515
1516
1517
1518
1519
1520
1521
1522
1523
1524
1525
6842
11571
731
732
733
734
735
736
737
10066
10067
10068
10069
10070
10071
2114
2115
2116
846
847
848
849
850
4551
4552
4553
2792
4323
4324
13499
13500
9763
9764
9765
9766
9767
9768
9480
9481
9482
5730
10835
10836
10837
10838
10839
10840
10841
10842
10843
10844
10845
10846
10847
10848
10849
10850
10851
6220
6221
6222
13558
15289
15290
15291
15292
6236
6237
6238
6239
6240
6241
6242
9070
15727
15728
15729
15730
12225
12226
12227
12228
12166
12167
12168
12169
12170
12171
12172
12173
12174
12175
12176
12177
12178
12179
12180
12181
14101
11280
11281
11282
11283
11284
11285
13556
1886
6854
6855
6856
6857
6858
6859
6860
6861
9218
9219
9220
9221
9222
3300
3301
3302
3303
3304
3305
3306
3307
1503
1504
1505
1506
1507
1508
1509
1510
1511
1512
1513
1514
1515
1516
1517
1518
1519
1520
1521
1522
1523
1524
1525
6842
11571
731
732
733
734
735
736
737
10066
10067
10068
10069
10070
10071
2114
2115
2116
846
847
848
849
850
4551
4552
4553
2792
4323
4324
13499
13500
9763
9764
9765
9766
9767
9768
9480
9481
9482
5730
10835
10836
10837
10838
10839
10840
10841
10842
10843
10844
10845
10846
10847
10848
10849
10850
10851
6220
6221
6222
13558
15289
15290
15291
15292
6236
6237
6238
6239
6240
6241
6242
9070
1459
6757
6758
6759
6760
9738
9739
9740
5168
5169
5170
5171
5172
5173
5174
5175
5176
5177
5178
12177
12178
12179
12180
12181
14101
11280
11281
11282
11283
11284
11285
13556
1886
6854
6855
6856
6857
6858
6859
6860
6861
9218
9219
9220
9221
9222
3300
3301
3302
3303
3304
3305
3306
3307
1503
1504
1505
1506
1507
1508
1509
1510
1511
1512
1513
1514
1515
1516
1517
1518
1519
1520
1521
1522
1523
1524
1525
6842
11571
731
732
733
734
735
736
737
10066
10067
10068
10069
10070
10071
2114
2115
2116
846
847
848
849
850
4551
4552
4553
2792
4323
4324
13499
13500
9763
9764
9765
9766
9767
9768
9480
9481
9482
5730
10835
10836
10837
10838
10839
10840
10841
10842
10843
10844
10845
10846
10847
10848
10849
10850
10851
6220
6221
6222
13558
15289
15290
15291
15292
6236
6237
6238
6239
6240
6241
6242
9070
1459
6757
6758
6759
6760
9738
9739
9740
5168
5169
5170
5171
5172
5173
5174
5175
5176
5177
5178
5179
5180
5181
5182
5183
5184
3897
3898
15606
15572
15573
15574
15575
15576
15577
15578
15579
15580
15581
15582
15583
15584
15585
15586
15587
9221
9222
3300
3301
3302
3303
3304
3305
3306
3307
1503
1504
1505
1506
1507
1508
1509
1510
1511
1512
1513
1514
1515
1516
1517
1518
1519
1520
1521
1522
1523
1524
1525
6842
11571
731
732
733
734
735
736
737
10066
10067
10068
10069
10070
10071
2114
2115
2116
846
847
848
849
850
4551
4552
4553
2792
4323
4324
13499
13500
9763
9764
9765
9766
9767
9768
9480
9481
9482
5730
10835
10836
10837
10838
10839
10840
10841
10842
10843
10844
10845
10846
10847
10848
10849
10850
10851
6220
6221
6222
13558
15289
15290
15291
15292
6236
6237
6238
6239
6240
6241
6242
9070
1459
6757
6758
6759
6760
9738
9739
9740
5168
5169
5170
5171
5172
5173
5174
5175
5176
5177
5178
5179
5180
5181
5182
5183
5184
3897
3898
15606
15572
15573
15574
15575
15576
15577
15578
15579
15580
15581
15582
15583
15584
15585
15586
15587
15588
15589
15590
15591
15592
15593
15594
15595
15596
15597
3099
3100
3101
3102
3103
3104
3105
3106
5311
5312
5313
5314
5315
5316
5317
6333
6334
10971
10972
10973
10974
10975
1525
6842
11571
731
732
733
734
735
736
737
10066
10067
10068
10069
10070
10071
2114
2115
2116
846
847
848
849
850
4551
4552
4553
2792
4323
4324
13499
13500
9763
9764
9765
9766
9767
9768
9480
9481
9482
5730
10835
10836
10837
10838
10839
10840
10841
10842
10843
10844
10845
10846
10847
10848
10849
10850
10851
6220
6221
6222
13558
15289
15290
15291
15292
6236
6237
6238
6239
6240
6241
6242
9070
1459
6757
6758
6759
6760
9738
9739
9740
5168
5169
5170
5171
5172
5173
5174
5175
5176
5177
5178
5179
5180
5181
5182
5183
5184
3897
3898
15606
15572
15573
15574
15575
15576
15577
15578
15579
15580
15581
15582
15583
15584
15585
15586
15587
15588
15589
15590
15591
15592
15593
15594
15595
15596
15597
3099
3100
3101
3102
3103
3104
3105
3106
5311
5312
5313
5314
5315
5316
5317
6333
6334
10971
10972
10973
10974
10975
10976
10977
10978
10979
10980
10981
734
735
736
737
10066
10067
10068
10069
10070
10071
2114
2115
2116
846
847
848
849
850
4551
4552
4553
2792
4323
4324
13499
13500
9763
9764
9765
9766
9767
9768
9480
9481
9482
5730
10835
10836
10837
10838
10839
10840
10841
10842
10843
10844
10845
10846
10847
10848
10849
10850
10851
6220
6221
6222
13558
15289
15290
15291
15292
6236
6237
6238
6239
6240
6241
6242
9070
1459
6757
6758
6759
6760
9738
9739
9740
5168
5169
5170
5171
5172
5173
5174
5175
5176
5177
5178
5179
5180
5181
5182
5183
5184
3897
3898
15606
15572
15573
15574
15575
15576
15577
15578
15579
15580
15581
15582
15583
15584
15585
15586
15587
15588
15589
15590
15591
15592
15593
15594
15595
15596
15597
3099
3100
3101
3102
3103
3104
3105
3106
5311
5312
5313
5314
5315
5316
5317
6333
6334
10971
10972
10973
10974
10975
10976
10977
10978
10979
10980
10981
10982
10983
10984
5181
5182
5183
5184
3897
3898
15606
15572
15573
15574
15575
15576
15577
15578
15579
15580
15581
15582
15583
15584
15585
15586
15587
15588
15589
15590
15591
15592
15593
15594
15595
15596
15597
3099
3100
3101
3102
3103
3104
3105
3106
5311
5312
5313
5314
5315
5316
5317
6333
6334
10971
10972
10973
10974
10975
10976
10977
10978
10979
10980
10981
10982
10983
10984
971
9070
1459
6757
6758
6759
6760
9738
9739
9740
5168
5169
5170
5171
5172
5173
5174
5175
5176
5177
5178
5179
5180
5181
5182
5183
5184
3897
3898
15606
15572
15573
15574
15575
15576
15577
15578
15579
15580
15581
15582
15583
15584
15585
15586
15587
15588
15589
15590
15591
15592
15593
15594
15595
15596
15597
3099
3100
3101
3102
3103
3104
3105
3106
5311
5312
5313
5314
5315
5316
5317
6333
6334
10971
10972
10973
10974
10975
10976
10977
10978
10979
10980
10981
10982
10983
10984
5181
5182
5183
5184
3897
3898
15606
15572
15573
15574
15575
15576
15577
15578
15579
15580
15581
15582
15583
15584
15585
15586
15587
15588
15589
15590
15591
15592
15593
15594
15595
15596
15597
3099
3100
3101
3102
3103
3104
3105
3106
5311
5312
5313
5314
5315
5316
5317
6333
6334
10971
10972
10973
10974
10975
10976
10977
10978
10979
10980
10981
10982
10983
10984
971
972
973
974
975
976
9225
9226
9227
8661
8662
8663
8664
8665
8666
15310
15311
15312
15313
5590
5591
5592
5593
5594
5595
5596
5184
3897
3898
15606
15572
15573
15574
15575
15576
15577
15578
15579
15580
15581
15582
15583
15584
15585
15586
15587
15588
15589
15590
15591
15592
15593
15594
15595
15596
15597
3099
3100
3101
3102
3103
3104
3105
3106
5311
5312
5313
5314
5315
5316
5317
6333
6334
10971
10972
10973
10974
10975
10976
10977
10978
10979
10980
10981
10982
10983
10984
5181
5182
5183
5184
3897
3898
15606
15572
15573
15574
15575
15576
15577
15578
15579
15580
15581
15582
15583
15584
15585
15586
15587
15588
15589
15590
15591
15592
15593
15594
15595
15596
15597
3099
3100
3101
3102
3103
3104
3105
3106
5311
5312
5313
5314
5315
5316
5317
6333
6334
10971
10972
10973
10974
10975
10976
10977
10978
10979
10980
10981
10982
10983
10984
971
972
973
974
975
976
9225
9226
9227
8661
8662
8663
8664
8665
8666
15310
15311
15312
15313
5590
5591
5592
5593
5594
5595
5596
5597
5598
5599
8489
8490
10202
10203
10204
10205
10206
10207
15579
15580
15581
15582
15583
15584
15585
15586
15587
15588
15589
15590
15591
15592
15593
15594
15595
15596
15597
3099
3100
3101
3102
3103
3104
3105
3106
5311
5312
5313
5314
5315
5316
5317
6333
6334
10971
10972
10973
10974
10975
10976
10977
10978
10979
10980
10981
10982
10983
10984
5181
5182
5183
5184
3897
3898
15606
15572
15573
15574
15575
15576
15577
15578
15579
15580
15581
15582
15583
15584
15585
15586
15587
15588
15589
15590
15591
15592
15593
15594
15595
15596
15597
3099
3100
3101
3102
3103
3104
3105
3106
5311
5312
5313
5314
5315
5316
5317
6333
6334
10971
10972
10973
10974
10975
10976
10977
10978
10979
10980
10981
10982
10983
10984
971
972
973
974
975
976
9225
9226
9227
8661
8662
8663
8664
8665
8666
15310
15311
15312
15313
5590
5591
5592
5593
5594
5595
5596
5597
5598
5599
8489
8490
10202
10203
10204
10205
10206
10207
10208
10209
10210
10211
10212
789
790
791
792
793
794
1781
1782
1783
1784
12566
12567
12797
1140
1141
1142
1143
1144
15709
15710
15711
15712
15713
15714
15715
15716
15717
5316
5317
6333
6334
10971
10972
10973
10974
10975
10976
10977
10978
10979
10980
10981
10982
10983
10984
5181
5182
5183
5184
3897
3898
15606
15572
15573
15574
15575
15576
15577
15578
15579
15580
15581
15582
15583
15584
15585
15586
15587
15588
15589
15590
15591
15592
15593
15594
15595
15596
15597
3099
3100
3101
3102
3103
3104
3105
3106
5311
5312
5313
5314
5315
5316
5317
6333
6334
10971
10972
10973
10974
10975
10976
10977
10978
10979
10980
10981
10982
10983
10984
971
972
973
974
975
976
9225
9226
9227
8661
8662
8663
8664
8665
8666
15310
15311
15312
15313
5590
5591
5592
5593
5594
5595
5596
5597
5598
5599
8489
8490
10202
10203
10204
10205
10206
10207
10208
10209
10210
10211
10212
789
790
791
792
793
794
1781
1782
1783
1784
12566
12567
12797
1140
1141
1142
1143
1144
15709
15710
15711
15712
15713
15714
15715
15716
15717
15718
15719
2389
2390
2391
10524
10973
10974
10975
10976
10977
10978
10979
10980
10981
10982
10983
10984
5181
5182
5183
5184
3897
3898
15606
15572
15573
15574
15575
15576
15577
15578
15579
15580
15581
15582
15583
15584
15585
15586
15587
15588
15589
15590
15591
15592
15593
15594
15595
15596
15597
3099
3100
3101
3102
3103
3104
3105
3106
5311
5312
5313
5314
5315
5316
5317
6333
6334
10971
10972
10973
10974
10975
10976
10977
10978
10979
10980
10981
10982
10983
10984
971
972
973
974
975
976
9225
9226
9227
8661
8662
8663
8664
8665
8666
15310
15311
15312
15313
5590
5591
5592
5593
5594
5595
5596
5597
5598
5599
8489
8490
10202
10203
10204
10205
10206
10207
10208
10209
10210
10211
10212
789
790
791
792
793
794
1781
1782
1783
1784
12566
12567
12797
1140
1141
1142
1143
1144
15709
15710
15711
15712
15713
15714
15715
15716
15717
15718
15719
2389
2390
2391
10524
