0
1
2
3
4
5
6
7
8
9
10
11
12
13
14
15
3862
3863
7277
7278
7279
14665
14666
14667
14668
14669
14670
14671
14672
14673
14674
14675
14676
14677
14678
14679
14680
14681
14682
14683
14684
14685
14686
14687
14688
14946
8217
8218
8219
8220
8221
8222
8223
8224
8225
8226
1590
1591
1592
1593
1594
1595
5173
5174
5175
392
393
394
395
396
397
398
399
400
401
402
403
404
12334
12335
5928
5929
5930
5931
5932
5933
5934
5935
5936
8476
8477
8478
8479
8480
8481
10598
10599
10600
10601
10602
10603
10604
10605
10606
10607
10608
10609
10610
14288
14289
14290
14291
14292
14293
14294
14295
14296
7712
7713
7714
7715
3732
3733
3734
3735
3736
3737
3738
3739
3740
3741
3742
3743
3744
3745
7650
7651
7652
7653
7654
7655
7656
7657
7658
7659
14676
14677
14678
14679
14680
14681
14682
14683
14684
14685
14686
14687
14688
14689
14690
14691
14692
14693
14694
14695
14696
14697
14698
14699
14700
14701
13896
13897
13898
13899
13900
3104
3105
3106
3107
3108
3109
3110
3111
3112
3113
3114
3115
3116
3117
3118
3119
3120
3121
3122
1077
1078
1079
1080
1081
1082
1083
1084
1085
1086
1087
1088
1089
1090
1091
11624
5616
7708
7709
7710
7711
7712
7713
7714
7715
7716
7717
7718
7719
7720
7721
7722
7723
11851
11852
11853
11854
11855
11856
11857
14824
14825
14826
14827
14828
14829
14830
14831
14832
14833
14834
14835
14836
14837
14838
14839
14840
14841
14842
14843
14844
14845
73
74
75
76
77
11655
11656
11657
11658
11659
11660
11661
11662
11663
11664
11665
11666
11667
11668
11669
11670
11671
11672
11673
11674
11675
11676
11677
11678
11679
11680
11681
11682
11683
11684
11685
11686
11687
11688
11689
11690
11691
11692
11693
11694
11695
11696
11697
11698
11699
11700
11701
11702
11703
11704
11705
11706
11707
10430
10431
10432
10433
10434
10435
10436
10437
10438
10439
10440
10441
10442
10443
3528
3529
3530
3531
3532
3533
3534
3535
3536
3537
3538
3539
3540
3541
3542
15108
15109
15110
15111
15112
15113
15114
15115
14595
2877
2878
2879
2880
2881
2882
2883
2884
2885
2886
2887
2888
2889
2890
2891
2892
2893
2894
2895
2896
2897
2898
12471
12472
12473
12474
12475
12476
12477
12478
12479
12480
12481
12482
12483
12484
12485
12486
12487
12488
12489
12490
12491
12492
12493
12494
2103
13123
13124
13125
13126
13127
13128
13129
13130
13131
13132
13133
13134
13135
13136
11114
11115
11116
11117
11118
15245
15246
9563
9564
9565
9566
9567
9568
9569
9570
9571
9572
9573
9574
9575
9576
9577
9578
9579
9580
9581
9582
9583
9584
9585
9586
9587
9588
9589
9590
9591
9592
9593
9594
9595
9596
9597
9598
10905
10906
10907
10908
10909
10910
10911
10912
10913
10914
10915
10916
10917
10918
10919
10920
10921
10922
10923
10924
10925
4571
4572
4573
4574
4575
4576
4577
4578
4579
4580
4581
4582
12464
12465
12466
12467
12468
12469
12470
12471
12472
12473
12474
12475
12476
12477
12478
12479
12480
12481
12482
12483
12484
12485
12486
13121
13122
13123
13124
13125
13126
13127
13128
13129
13130
13131
13132
13133
13134
13135
10780
10781
10782
10783
10784
10785
10786
10641
10642
10643
10644
10645
10646
10647
10648
10649
10650
10651
10652
10653
10654
10655
10656
10657
10658
10659
10660
10661
10662
10663
10664
10665
10666
10667
10668
10669
11230
3695
3696
3697
12224
12225
12226
10406
10407
10408
10409
10410
10411
10412
14446
14447
14448
14449
14450
14451
14452
14453
14454
14455
14456
8202
8203
8204
8205
8206
14891
14892
14893
14894
14895
14896
14897
14898
14899
14900
15458
15459
15460
15461
15462
15463
15464
15465
15466
15467
15468
15469
15470
15471
15472
15473
15474
15475
15476
15477
15478
15479
15480
7393
7394
7395
7396
7397
7398
7399
7400
7401
7402
7403
14511
11369
11370
11371
11372
11373
11374
11375
11376
11377
11378
11379
11380
11381
11382
11383
11384
11385
11386
11387
11388
11389
11390
11391
11392
11393
613
614
615
8697
8698
8699
8700
8701
8702
8703
8704
8705
8706
8707
8708
8709
3249
3250
3251
3252
7729
7730
7731
7732
13081
13082
13083
2863
2864
2865
2866
2867
2868
2869
2870
13406
13407
13408
13409
13410
5255
5256
5257
5258
5259
5260
5261
5262
5263
5264
153
154
155
156
157
158
159
160
161
8610
8611
8612
8613
8614
8615
8616
8617
8618
8619
8620
8621
8622
8623
8624
8625
8626
8627
4177
4178
4179
4180
4181
4182
4183
4184
4185
4186
5487
5488
5489
5490
5491
5492
5493
5494
5495
5496
5497
5498
5499
5500
5501
5502
5503
5504
5505
5506
5507
7145
7146
7147
7148
7149
7150
7151
7152
7153
7154
7155
7156
7157
7158
7159
7160
7161
7162
7163
7164
2924
2925
2926
2927
10414
10415
10416
10003
10004
10005
10006
10007
10008
8696
8697
8698
2063
2064
2065
4654
4655
4656
4657
4658
4659
4660
4661
4662
4663
4664
4665
4666
4667
4668
4669
4670
4671
4672
4673
4674
4675
4676
4677
4678
4679
4680
4681
10771
10772
10773
10774
10775
10776
10777
2583
2584
2585
2586
2587
2588
13807
13513
13514
13515
13516
13517
6813
6814
448
449
2674
15514
15515
15516
15517
7292
7293
7294
7295
7296
1720
1721
1722
1723
1724
1725
1726
1727
1728
1729
1730
1731
1732
1733
1734
1735
1736
1737
11752
11753
11754
11755
11756
11757
11758
13739
13740
13741
13742
13743
13744
13745
13746
13747
387
388
389
390
391
392
393
15466
6853
6854
10137
10138
10139
4242
4243
4244
4245
4246
4247
4248
4249
8759
8760
8761
8762
8763
8764
3736
3737
8447
8448
3180
3181
3182
3183
2710
2711
2712
2713
2714
2715
11680
11681
11682
11683
11684
11685
11686
11687
11688
11689
11690
11691
11692
11693
11694
2463
2464
2465
2466
2467
2468
2469
4253
4254
4255
4256
4257
4258
4259
4260
4261
4262
10929
10930
10931
10932
10933
10934
10935
2224
2225
2226
2227
2228
2229
2230
2231
2232
2233
2234
2235
2236
2237
2238
2239
2240
2241
2242
2243
2244
2245
2246
2247
2248
2249
2250
2251
2252
2253
2254
2255
15118
15119
15120
15121
15122
15123
15124
15125
15126
15127
3623
14914
14915
14916
14917
14918
14919
14920
14921
14922
14923
14924
14925
14926
14927
2692
2693
2694
2695
2696
2697
2698
2699
2700
2701
2702
2703
2704
2705
2706
2707
2708
1337
1338
1339
1340
1341
1342
1343
1344
1345
1346
1347
8574
8575
8576
13137
13138
13139
13140
13141
13142
13143
13144
13145
13146
13147
13148
13149
15641
1230
1231
1232
1233
1234
1235
1236
1237
1238
1239
1240
1241
1242
1243
1244
1245
1246
1247
1248
1249
1192
1193
1194
1195
1196
1197
1198
1199
1200
1201
1202
1203
1204
1205
9028
9029
9030
9031
9032
9033
9034
9035
15065
15066
15067
15068
15069
15070
15071
15072
15073
15074
15075
15076
15077
15078
15079
15080
15081
15082
15083
15084
15085
15086
15087
5223
5224
9229
9230
9231
9232
9233
9234
9235
9236
9237
9238
9239
9240
9241
9242
9243
9244
9245
10060
6467
6468
6469
6470
6471
6472
6473
6474
6475
6476
6477
6478
6479
6480
15336
15337
15338
15339
15340
4716
4717
4718
4719
4720
4721
4722
4723
4724
4725
4726
4727
4728
4729
4730
4731
4732
4733
4734
4735
4736
4737
4738
4739
4740
4741
4742
4743
4744
4745
4746
4747
4748
4749
4750
4751
4752
4753
4754
4755
4756
4757
4758
7784
7785
7786
7787
7788
7789
7790
7791
7792
7793
7794
7795
7796
7797
7798
7799
2097
2098
2099
2100
12249
13251
13252
13253
2423
14560
14561
5371
5372
5373
5374
5375
9801
9802
9803
9804
9805
9806
5477
5478
5479
5480
5481
5482
5483
5484
5485
5486
5487
5488
5489
5490
5491
5492
5493
5494
5495
5496
5497
5498
5499
5500
5501
5502
5503
5504
5505
5506
5507
5508
9422
9423
9424
9425
9426
9427
9428
9429
9430
9431
9432
9433
15272
15273
15274
15275
15276
3940
3941
3942
3943
3944
13432
13433
13434
13435
13436
13437
13438
13439
13440
13441
13442
13443
13444
13445
13446
13447
13448
13449
6488
6489
11216
11217
11218
11219
11220
11221
11222
11223
11224
11225
11226
11227
11228
11229
11230
11231
11232
11233
11234
11235
11236
11237
11238
11239
11240
11241
11242
11243
11244
11245
11246
11247
13753
13754
13755
13756
13757
13758
13759
13760
13761
13762
12212
12213
12214
12215
12216
12217
12218
12219
12220
12221
12222
10740
10741
6601
6602
6603
6604
6605
6606
6607
6608
6609
6610
6611
6612
6613
6614
6615
6616
6617
6618
6619
6620
6621
6622
6623
6624
6625
6626
2562
2563
12621
6198
6199
15024
15025
15026
15027
15028
15029
15030
15031
15032
15033
15034
15035
15036
15037
15038
15039
15040
15041
15042
15043
15044
15045
15046
15047
15048
15049
15050
15051
9176
9177
9178
9179
9180
9181
9182
9183
9184
9153
9154
9155
9156
13568
13569
13570
13571
13572
13573
9372
9373
9374
9375
9376
9377
9378
9379
9380
9381
13418
3069
3070
3071
3072
3073
3074
3075
3076
3077
3078
15821
15822
15823
15824
15825
15826
15827
15828
15829
15830
15831
15832
14635
14636
14637
14638
14639
5782
5783
3228
3229
3230
3231
3232
3233
3234
8809
8810
8811
8812
8813
3540
3541
3542
10624
10625
10626
10627
10628
10629
10630
10631
10632
10633
10634
10635
10636
10637
10638
10639
10640
10641
10642
10643
10644
10645
1855
1856
1857
1858
1859
1860
1861
1862
1863
1864
1865
1866
1867
1868
1869
4172
8564
8565
8566
8567
8568
8569
13686
13687
1010
1011
1012
1013
1014
1015
1016
1017
1018
1019
1020
1021
1022
1023
1024
1025
1026
1027
1028
1029
1030
1031
1032
3177
3178
3179
3180
3181
5724
5725
5726
5727
5728
5729
5730
5731
5732
5733
5734
5735
5736
5737
5738
5739
5740
2175
2176
2177
2178
2179
2180
2181
2182
2183
2184
2185
2186
2187
2188
9427
9428
9429
9430
9431
9432
9433
9434
9435
8084
8085
8086
8087
8088
8089
8090
8091
8092
8093
8094
8095
8096
8097
8098
1158
3985
3986
3987
3988
3989
3990
3991
3992
3993
3994
3995
3996
3997
3998
3999
4000
4001
4002
4003
4004
4005
4006
4007
4008
4009
4010
4011
4012
4013
4014
4015
4016
4017
4018
4019
4020
4021
4022
4023
4024
4025
1175
4252
4253
4254
231
232
233
234
235
236
237
238
239
240
241
242
243
244
245
1951
1952
1953
1954
1955
1956
1957
1958
1959
1960
1961
1962
1963
1964
1965
1966
1967
1968
1969
10712
10713
10714
10715
10716
10717
10718
10719
5205
5206
5207
5208
5209
5210
5211
5212
5213
5214
5215
5216
5217
5218
5219
5220
5221
5222
5223
5224
5225
5226
11957
11958
2846
2847
2848
2849
2850
1144
1145
1146
1147
1148
1149
1150
1151
1152
8378
8379
8380
8381
8382
8383
8384
13749
13750
13751
13752
13753
4306
4307
12530
1599
1600
1601
2225
2226
2227
2228
2229
2230
2231
2232
13426
13427
13428
13429
13430
9849
9850
9851
9852
9853
9854
9855
9856
6911
6912
6913
6914
6915
6597
6598
6599
6600
6601
6602
6296
6297
6298
6299
6300
2467
2468
2469
8590
8591
3805
3806
3807
3808
3809
3810
3811
3812
3813
3814
3815
3816
3817
551
552
553
14340
14341
14342
14343
14344
14345
14346
14347
1437
1438
1439
1440
1441
1442
1443
1444
1445
1446
1447
1448
1449
1450
1451
1452
1453
498
499
500
501
502
503
504
505
506
507
508
11338
11339
6271
6272
6273
6274
6275
6276
6277
6278
6279
6280
6281
6282
6283
6284
8188
8189
8190
8191
8192
8193
8194
8195
8196
8197
8198
8199
8200
8201
8202
8203
8204
8205
8206
8207
8208
8209
8210
8211
8212
8213
12774
12775
12776
12777
12778
12779
12780
12781
12782
7585
7586
7587
7588
7589
7590
7591
7592
7593
7594
7595
7596
7597
7598
7599
7600
7601
7602
7603
15697
15698
15699
15700
15701
15702
15703
15704
15705
15706
15707
15708
15709
15710
15711
6261
6262
6263
6264
6265
6266
6267
6268
6269
6270
6271
6272
6273
6274
6275
6276
6277
6278
6279
6280
6281
6282
6283
7908
11037
11038
11039
11040
11041
11042
11043
11044
11045
11046
11047
4873
4874
4875
4876
4877
4878
4879
4880
4881
4882
4883
4884
4885
4886
4887
4888
4889
4890
4891
4892
4893
4894
4895
4896
4897
4898
2507
2508
2509
2510
2511
2512
2513
2514
2515
2516
375
376
377
378
379
380
381
382
4925
15653
15654
15655
15656
15657
8140
8141
5631
5632
11213
11214
11215
11216
4918
4919
4920
4921
4922
4923
4924
4925
5438
5439
5440
2579
2580
2581
2582
2583
7181
7182
7183
7184
7185
7186
7187
6682
6683
6684
6685
6686
6687
6688
6689
6690
6691
6692
6693
6694
6155
6156
6157
12879
12880
12881
12882
12883
12884
12885
12886
12887
12888
12889
12890
12891
12892
12893
12894
12895
12896
12897
12898
12899
12900
12901
12902
12903
12904
12905
12906
12907
12908
4138
4139
4140
4141
4142
4143
4144
4145
4146
4147
4148
4149
4150
4151
4152
4153
4154
8268
8269
8270
9191
9192
9193
9194
9195
9196
9197
3518
3519
3520
3521
3522
3523
15533
15534
15535
15536
15537
15538
15539
15540
15541
15542
15543
15544
15545
15546
15547
15548
15549
15550
15551
15552
15553
15554
15555
12744
12745
12746
12747
12748
12749
12750
12751
12752
12753
12754
11894
11895
11896
11897
11898
11899
11900
11901
11902
11903
11904
11905
11906
11907
11908
11909
11910
11911
11912
11913
11914
11915
11916
128
129
130
131
4255
4256
4257
4258
2687
2688
2689
2690
2691
2692
2693
2694
2695
2696
2697
2698
11216
11217
11218
412
413
414
415
416
417
9041
9042
9043
9044
9045
9046
9047
9048
9049
9050
9051
9052
9053
9054
8410
8411
8412
8413
8414
8415
8416
8417
4750
4751
8200
8201
8202
8203
8204
8205
8206
8207
8208
8209
8210
8211
8212
8213
8214
8215
1899
1900
1901
1902
1903
1904
1905
1906
1907
1908
1909
1910
1911
1912
1913
1914
1915
1916
1917
1918
1919
1920
1921
1922
1923
1924
1925
1926
1927
1928
1929
1930
1931
1932
1933
1934
1935
1936
1937
1938
1939
1940
1941
1942
1943
1944
1945
1946
1947
1948
1949
1950
1951
1952
1953
1954
1955
1956
1957
1958
1959
9212
9213
9214
9215
9216
9217
9218
9219
9220
9221
9222
9223
9224
9225
9226
9227
9228
9229
9230
7165
52
53
54
55
56
57
58
59
60
61
62
63
64
65
66
67
68
69
70
71
72
73
74
75
76
77
78
79
80
81
82
83
84
85
86
87
88
89
90
91
92
12873
12874
12875
12876
12877
12878
12879
12880
12881
12882
12883
12884
12885
12886
12887
12888
12889
12890
12891
12892
12893
12894
9042
9043
9475
8830
8831
8832
8833
8834
8835
8836
8837
8838
8839
8840
8841
8842
8843
8844
8845
8846
11401
11402
11403
11404
11405
11406
11407
11408
14262
14263
14264
14265
11898
11899
11900
11901
11902
11903
11904
11905
11906
11907
11908
5078
5079
5080
5081
5082
5083
5084
5085
14987
14988
14989
14990
9966
9967
9968
9969
9970
9971
3802
3803
3804
15788
15789
15790
15791
15792
15793
15794
15795
15796
15797
15798
15799
15800
15801
15802
12492
5821
7637
7638
7639
7640
7641
11994
11995
11996
11997
11998
11999
12409
12410
12411
12412
12413
10080
10081
10082
10083
10084
10085
10086
10087
10088
10089
10090
10091
10092
10093
10094
10095
10096
10097
10098
10099
10100
10101
10102
10103
10104
9134
9135
469
470
471
3307
3308
3309
3310
3311
3312
3313
3314
3315
3316
3317
15884
15885
15886
15887
15888
15889
15890
15891
15892
15893
15894
15895
15896
5565
5566
5567
5568
5569
5570
5571
5572
5573
5574
5575
5576
5577
5578
3041
3042
3043
3044
3045
3046
3047
3048
3049
3050
3051
3052
3053
3054
7650
7651
7652
8364
8365
8366
8367
8368
8369
8370
8371
8372
8373
8374
8375
8376
8377
8378
8379
8380
14934
14935
14936
14937
14938
14939
14940
14941
14942
14943
14944
14945
14946
14947
14948
14949
14950
14951
137
138
139
140
3421
3422
3423
3424
13121
7940
7941
7942
7943
7944
11562
11563
11564
6055
6056
6057
6058
6059
6060
6061
6062
6063
6064
6065
6066
6067
6068
6069
6070
6071
6072
6073
6074
6075
6076
6077
6078
6079
6080
6081
6082
6083
12022
12023
12024
12025
12026
12027
12028
12029
12030
12031
12032
12033
12034
12035
12036
11468
11469
11470
11471
8395
8396
8397
8398
8399
8400
5527
5528
5529
5530
5531
8497
8498
14448
14449
11333
11334
11335
11336
11337
11338
11339
11340
11341
11342
11343
11344
15067
15068
15069
15070
15071
15072
15073
15074
15075
12778
12779
12780
12781
12782
12783
12784
12785
12786
12787
12788
12789
12790
2135
2136
2137
2138
2139
15652
15653
15654
15655
15656
15657
15658
8172
8173
8174
8175
8176
12766
12767
12768
12769
12770
12771
4735
4736
4737
4738
4739
4740
4741
4742
4743
4912
4913
4914
4915
4916
650
651
137
138
139
9546
9547
9548
4188
4189
4190
4191
4192
4193
3749
3750
3751
3752
3753
3754
13924
13925
13926
13927
13928
13929
13930
13931
13932
13933
13934
13935
13936
13937
13938
13939
13940
13941
13942
13943
13944
13945
13946
13947
13948
13949
13950
13951
13952
13953
13954
13955
13956
13957
13958
10593
10594
10595
10596
10597
10598
10599
10600
10601
12023
12024
12025
12026
12027
12028
12029
12030
12031
12032
12033
12034
12035
12036
12037
12038
12039
12040
12041
12042
12043
12044
12045
12046
11304
11305
11306
11307
11308
11309
11310
11311
11312
11313
11314
11315
11316
11317
11318
11319
11320
11321
8713
8714
8715
8716
8717
8718
8719
8720
8721
8722
8723
8724
8725
8726
8727
8728
8729
8730
8731
8732
8733
8734
6414
6415
2869
2870
2871
2872
2873
2874
2875
2876
2877
2878
2879
2880
2881
2882
1221
5341
5342
9256
9257
9258
9259
9260
9261
9262
9263
1097
1098
1099
1100
1101
1102
1103
1104
1105
1106
1107
14300
14301
13650
13651
13652
13653
13654
13655
13656
13657
13658
13659
13660
13661
13662
13663
13664
13665
13666
13667
2029
2030
2031
2032
2033
2034
2035
2036
2037
2038
2039
2040
2041
2042
2043
2044
2045
2046
2047
3176
3177
3178
3179
3180
3181
3182
3183
3184
3185
3186
7872
7873
7874
7875
7876
7877
7878
12588
12589
12590
12591
12592
12593
12594
12595
12596
12597
12598
12599
12600
12601
3036
3037
3038
9407
9408
9409
9410
9411
9412
9413
9414
9415
9416
9417
9418
9419
9420
9421
9422
9423
9424
9425
9426
9427
10589
10590
10591
10592
10593
10594
5795
5796
5797
5798
5799
5800
5801
10176
10177
10178
10179
10180
10181
10182
10183
10184
10185
9017
9018
14016
14017
14018
14019
14020
14021
14022
14023
14024
3379
3380
3381
3382
3383
3384
3385
3386
3387
3388
3389
3390
3391
3392
3393
3394
3395
3396
12506
12507
12508
12509
12510
12511
8797
8798
8799
8800
8801
8802
8803
8804
8805
6322
6323
6324
6325
6326
6327
6328
6329
6330
6331
6332
6333
10302
10303
10304
10305
10306
10307
10308
10309
10310
10311
10312
10313
10314
10315
10316
13092
13093
13094
3848
8285
8286
8287
8288
8289
8290
8291
8292
8293
8294
6769
6770
6771
6202
4206
4207
4208
8429
8430
8431
8432
8433
8434
8435
8436
8437
9338
9339
9340
9764
9765
9766
9767
9768
9769
9770
9771
9772
9773
9774
9775
9776
9777
9778
9779
9780
9781
9782
9783
9784
9785
9786
9787
9788
9789
9790
9791
9792
9793
9794
9795
9796
9797
9798
9799
9800
9801
9802
9803
9804
9805
9806
9807
714
715
12313
12314
15791
15792
15793
15794
15795
15796
15797
15798
15799
15800
15801
15802
15803
15804
15805
15806
15807
15808
13075
13076
13077
13078
13079
13080
13081
13082
13083
13084
13085
13086
13087
13088
13089
13090
13091
13092
13093
4048
4049
4050
4051
4052
4053
10348
988
8195
12875
12876
12877
12878
14817
14818
14819
14820
14821
14822
11274
11275
11276
11277
11278
11279
11280
6158
6159
6160
6161
6162
10341
10342
10343
10344
10345
10346
10347
10348
10349
10350
10351
10352
10353
10354
10355
10356
10357
10358
10283
10284
10285
10286
10287
10288
10289
2160
2161
2162
13165
13166
13167
13168
13169
13170
13171
13172
13173
13174
13175
13176
13177
13999
14000
14001
14002
4897
4898
4899
4900
4901
4902
4903
4904
4905
4906
4907
4908
4909
4910
4911
4912
4913
4914
4915
4916
4917
4918
4919
4920
4921
4922
4923
4924
4925
14961
14962
14963
14964
14965
14966
14967
14968
14969
14970
14971
14972
14973
13327
13328
13329
13330
13331
13332
13333
13334
13335
13336
13337
13338
13339
13340
13341
13342
13343
3244
3245
3246
3247
3248
3249
3250
3251
3252
3253
3254
3255
9282
9283
9284
9285
9286
9287
9288
9289
9290
9291
9292
9293
7446
7447
7448
7449
7450
7451
7452
7453
7454
7455
7456
7457
7458
7459
7460
7461
7462
7463
7464
7465
7466
5088
5089
5090
5091
5092
5093
5094
5095
5096
5097
5098
5099
5100
5101
5102
5103
5104
5105
5106
5107
5108
5109
15099
15100
15101
15102
15103
15104
15105
15106
15107
15108
5310
13172
13173
13174
13175
13176
8464
8465
9730
9731
9732
9733
9734
9735
9736
12869
12870
12871
12872
12873
12874
12875
12876
12877
12878
12879
12880
12881
12882
12883
12884
12885
12886
12887
12888
12889
9167
9168
9169
9170
9171
8427
8428
8429
8430
8431
8432
8433
8434
8435
8436
8437
8438
8439
8440
8441
8442
8443
8444
8445
8446
5731
5732
5733
7467
6141
6142
6143
6144
6145
6146
6147
6148
6149
7279
7280
7281
7282
7283
7284
7450
7451
7452
7453
7454
10473
10474
10475
10476
10477
10478
10479
10480
10481
10482
10483
10484
10485
10486
10487
10488
10489
10490
10491
10492
10493
10494
10495
10496
10497
10498
10499
9740
9741
6312
6313
13422
13423
13424
13425
13426
13427
13428
13429
13430
6607
6608
6609
6610
6611
6612
6613
6614
6615
6616
6617
6618
4626
4627
11504
11505
14117
14118
14119
14120
14121
14122
14123
14124
14125
14126
14127
14128
7119
7120
7121
13163
13164
13165
13166
13167
13168
13169
13170
13171
13172
13173
13174
13175
13176
13177
13178
13179
13180
12537
12538
12539
12540
12541
12542
12543
12544
12545
12546
12547
3993
3994
3995
3996
11828
11829
11830
11831
15462
15463
15464
15465
15466
15467
15468
15469
15470
15471
15472
15473
15474
15475
15476
15477
15478
15479
15480
15481
15482
15483
15484
15485
15486
15487
15488
15489
15490
15491
15492
15493
15494
15495
15496
15497
15498
12960
12961
12962
12963
12964
12965
12966
12967
12968
12969
12970
12971
12972
12973
12974
12975
12976
12977
12978
12979
12980
12981
12982
12983
12984
12985
12986
12987
12988
12989
12990
12991
12992
12993
13031
13032
13033
13034
13035
13036
13037
13038
13039
13040
3651
3652
3653
3654
3655
3656
3657
3658
3659
3660
3661
3662
9685
9686
9687
9688
9689
9690
9691
9692
9693
9694
9695
9696
9697
9698
9699
4803
4804
4805
4806
4807
4808
4809
4810
4811
4812
4813
4404
4405
12130
12131
12132
12133
12134
7324
7325
7326
7327
7328
7329
7330
7331
7332
7333
7334
7335
7336
7337
7338
7339
7340
7341
5123
5124
5125
5126
5127
5128
8123
8124
8125
8126
8127
11191
11192
11193
11194
11195
11196
6960
6961
6962
6963
6964
6965
6966
6967
6968
6969
6970
4953
4954
4955
4956
5921
5922
5923
5924
5925
5926
5927
5928
5929
5930
5931
5932
5933
14554
14555
14556
14557
14558
14559
14560
14561
14562
14563
14564
14565
14566
14567
14568
14569
14570
13427
13428
13429
13430
13431
13432
13433
13434
13435
13436
13437
13438
13439
13440
13441
13442
13443
13444
13445
13446
8701
8702
8703
8704
13724
13725
13726
7240
7241
7242
7243
7244
7245
7246
7247
7248
7249
7250
7251
1522
1523
1524
1525
1526
1527
1528
1529
1530
1531
1532
1533
1534
1535
1536
1537
1538
1539
8466
8467
8468
8469
8470
8471
8472
8473
8474
8475
8476
8477
8478
8479
8480
8481
8482
11788
11789
11790
11791
11792
11793
11794
11795
11796
11797
11798
12710
12711
12712
12713
12714
12715
12716
12717
12718
12719
12720
12721
12722
12723
12724
12725
12726
12727
12728
14019
14020
14021
14022
14023
14024
14025
14026
14027
14028
14029
14030
14031
14032
14033
14034
14035
14036
14037
14038
14039
14040
14041
14042
14043
14044
14045
89
90
91
92
13383
13384
13385
13386
13387
766
767
768
769
770
771
772
773
774
775
449
450
451
452
12642
12643
12644
12645
12646
12647
12648
12649
12650
12651
12652
12653
12654
12655
12656
12657
12658
12659
12660
12661
12662
12663
12664
12665
12666
12667
12668
3381
3382
5245
5246
5247
5248
5249
5250
5251
5252
5253
5254
15504
15505
15506
15507
15508
4317
4318
4319
4320
4321
4322
4323
4324
4325
4326
4327
4328
4329
4330
4331
4332
4333
4334
4335
4336
14987
14988
14989
14990
14991
14992
14993
14994
14995
14996
14997
14998
14999
15000
15001
15326
15327
15328
15329
15330
15331
15332
15333
15334
15335
7930
7931
7932
7933
7934
7935
7936
7937
7938
7939
7940
4266
4267
4268
4269
4270
4271
4272
4273
4274
4275
4276
4277
4278
4279
4280
4281
4282
4283
4284
4285
4286
4287
4288
4289
4290
4291
4292
4293
4294
4295
4296
4297
4298
4299
4300
4301
4302
4303
4304
4305
4306
4307
4308
4309
4310
4311
4312
4313
4314
4315
4316
4317
4318
4319
4320
4321
4322
4323
4324
4325
4326
4327
4328
4329
4330
4331
4332
4333
4334
12229
12230
12231
12232
10793
10794
10795
10796
10797
10798
10799
10800
10801
10802
10803
10804
10805
10806
10807
10808
10809
10810
10811
10812
10813
10814
10815
10816
10817
1261
1262
1263
1820
1821
1822
1823
1824
1825
1826
1827
1828
1829
1830
1831
3020
3021
3022
3023
3024
787
788
5675
5676
5677
5678
5679
5680
5681
5682
5683
5684
5685
5686
5687
5688
5689
5690
5691
5692
5693
5694
5695
5696
5697
5698
5699
5700
5701
5702
3025
3026
3027
3028
3029
3030
3031
3032
3033
10104
10105
10106
10107
10108
10109
10110
10111
10112
10113
10114
10115
10116
10117
10118
10119
10120
10121
10122
10123
10124
10125
10126
10127
10128
10129
10130
10131
10132
10133
10134
10135
10136
10137
10138
3569
3570
3571
3572
10995
10996
10997
10998
10999
11000
11001
15894
15895
15896
15897
15898
15899
15900
15901
15902
15903
15904
15905
15906
15907
15908
15909
15910
15911
15912
15913
15914
15915
15916
15917
15918
15919
15920
15921
15922
15923
15924
15925
15926
15927
15928
15929
15930
15931
15932
15933
15934
15935
15936
15937
15938
15939
15940
15941
15942
15943
15944
15945
15946
15947
15948
15949
15950
15951
15952
15953
15954
7004
7005
7006
7007
7008
7009
7010
7011
7012
7013
7014
7015
7016
7017
7018
7019
7020
7021
7022
7023
7024
7025
10601
10602
10603
10604
10605
10606
10607
10608
10609
10610
10611
4983
4984
4985
4986
4987
4988
4989
14622
14623
11871
11872
11873
11874
11875
11800
4147
4148
4149
4150
4151
4152
4153
4154
4155
4156
4157
4158
4159
4160
4161
4162
4163
4164
4165
4166
4167
4168
4169
4170
4171
4172
4173
4174
4175
4176
4177
4178
4179
4180
4181
4182
4183
4184
4185
4186
4187
4188
4189
4190
4191
4192
4193
4194
4195
4196
3836
3837
3838
3839
3840
3841
3842
3843
8823
8824
8825
8826
8827
8828
8829
8830
8831
8832
8833
8834
3322
7640
7641
7642
2140
2141
2142
2143
2144
2145
2146
2147
2148
2149
15788
15789
15790
15791
15792
15793
15794
15795
15796
15797
15798
15799
15800
15801
15802
15803
15804
15805
11820
11821
11822
11823
11824
11825
11826
11827
11828
11829
11830
11831
11832
11833
11834
11835
5860
5861
5862
15928
15929
12049
12050
12051
12052
12053
12054
12055
12056
12057
12058
12059
12060
12061
12062
12063
12064
12065
12066
12998
12999
13000
13001
13002
13003
13004
13005
13006
1786
1787
1788
1789
1790
1791
1792
1234
1235
1236
1237
1238
1239
1240
1241
4728
4729
4730
4731
4732
4733
4734
4735
4736
4737
4738
4739
4740
4741
4742
7162
7163
7164
7165
7166
7167
1678
15452
15453
15454
15455
15456
15457
15458
15459
15460
15461
15462
15463
12474
12475
12476
12477
12478
12479
12480
12481
12482
12483
12484
12485
12486
12487
12488
12489
12490
12491
12492
12493
12494
14313
14314
14315
14316
14317
5066
5067
5068
5069
5070
5071
5072
5073
1370
1371
1372
1373
1374
1375
1376
1377
1378
1379
1380
1381
1382
1383
1384
1385
1386
1387
1388
6809
6810
6811
9813
9814
9815
9816
9817
9818
758
759
760
761
762
763
764
765
766
767
14938
9349
9350
9351
9352
9353
9354
9355
9356
9357
9358
9359
9360
9361
9362
9363
9364
8970
8971
8972
8973
8974
8975
7211
7212
7213
7214
7215
7216
7217
7218
7219
11685
11686
14213
14214
14215
14866
13934
13935
13936
13937
1276
1277
1278
1279
1280
1281
1282
1283
1284
1285
1286
1287
1288
1289
1290
1291
1292
1293
1294
1295
9168
9169
9170
9171
9172
9173
9174
9175
9176
9177
9178
9179
9180
9181
9182
9183
9184
9185
9186
9187
9188
9189
9190
9191
9192
9193
9194
9195
9196
9197
9198
9199
9200
9201
9202
9203
9204
9205
9206
9207
9208
9209
9210
9211
9212
9213
9214
9215
9216
9217
9218
11385
11386
11387
11388
11389
11390
11391
695
696
697
698
699
700
701
702
5274
5275
5276
5277
5278
5279
5280
5281
5282
5283
5284
5285
5286
5287
5288
5289
5290
5291
5292
5293
5294
5295
5296
5297
5298
5299
6012
6013
6014
6015
6016
6017
6018
6019
6020
6021
6022
15487
15488
15489
15490
15491
15492
15493
15494
15495
15496
15497
15498
15499
5391
5392
5393
5394
5395
5396
5397
5398
5399
5400
5401
5402
5403
5404
1088
1089
1090
1091
7457
7458
7459
7460
7461
7462
11313
11314
11315
11316
11317
11318
11319
11320
11321
11322
11323
11324
11325
11326
11327
11328
11329
11330
11331
11332
11333
11334
11335
11336
11337
11338
11339
11340
11341
11342
11343
11344
11345
11346
11347
11348
11349
11350
11351
11352
11353
11354
11355
3044
3045
3046
3047
3048
3049
3050
3051
3052
4141
4142
4143
4144
4145
4146
14316
14317
14318
14319
14320
14321
14322
14323
14324
14325
14326
14327
14328
14329
14330
14331
14332
14333
14334
14335
14336
14337
14338
14339
14340
14341
14342
14343
14344
14345
14346
14347
984
985
69
70
71
72
73
74
75
76
77
78
79
9270
4784
4785
4786
4787
4788
4789
4790
4791
4792
4793
12834
12835
12836
12837
12838
12839
12840
12841
12842
12843
12844
12845
12846
12847
12848
12849
8185
8186
8187
8188
8189
8190
8191
8192
8193
13885
13886
13887
674
675
676
677
678
679
680
681
682
683
684
7886
7887
7888
7889
7890
7891
7892
8823
8824
8825
8826
1973
1974
1975
1976
1977
1978
1979
1980
1981
1982
1983
14455
14456
14457
14458
14459
14460
14461
14462
14463
14464
14465
14466
14467
14468
14469
14470
14471
14472
14473
14474
14475
14476
14477
14478
14479
14480
14481
14482
14483
14484
14485
9440
9441
9442
9443
9444
9445
9446
9447
9448
3884
3885
3886
3783
3784
3785
12058
12059
12060
4948
4949
4950
4951
4952
4953
4954
4955
4956
4957
12791
12792
12793
12794
12795
12796
12797
12798
12799
12800
11141
11142
11143
11144
11145
11146
11147
11148
11149
4227
4228
4229
4230
4231
4232
4233
4234
4235
4236
4237
4238
4239
4240
4241
4242
4243
4244
4245
4246
4247
4248
4249
4250
4251
4252
4253
5737
5738
5739
5740
5741
5742
5743
5744
5745
5746
5747
5748
5749
5750
5751
5752
5753
5754
5755
5756
5757
5758
5759
5760
5761
612
613
928
929
930
931
932
933
934
935
936
937
938
3935
3936
3937
3938
3939
3940
3941
3942
3943
3944
3945
3946
3947
3948
3949
3950
3951
3952
3953
3954
3955
2678
2679
13247
13248
13249
13250
13251
13252
13253
9241
9242
9243
9244
9245
9246
9247
3053
3054
3055
3056
3057
3058
3059
3060
3061
3062
3063
3064
3065
3066
3067
3068
3069
3070
2248
2249
10947
10948
10949
10950
10951
10952
10953
10954
10955
10956
10957
10958
10959
10960
10961
10962
10963
10964
10965
10966
10967
10968
10969
10970
10971
10972
10973
10974
10975
10976
10977
10978
10979
10980
10981
10982
10983
10984
10985
10986
10987
10988
10989
10990
10991
13130
13131
13132
13133
13134
13135
13136
13137
13138
13139
13140
13141
13142
13143
13144
13145
13146
13147
13148
13149
13150
13151
13152
13153
13154
6171
6172
6173
9889
9890
9891
9892
9893
14326
12497
12498
12499
12500
12501
12502
12503
12504
12505
12506
12507
12508
12509
12510
12511
12512
12513
12514
12515
12516
12517
12518
12519
12520
12521
12522
12523
12524
12525
15772
15773
15774
15775
15776
15777
15778
15779
15780
15781
15782
15783
15784
15785
8845
8846
8847
8848
13720
13721
13722
13723
13724
13725
13726
13727
13728
13729
13730
6679
6680
6681
6682
6683
6684
6685
6686
6687
6688
6689
6690
6691
6692
6693
1111
1112
7332
7333
7334
7335
7336
7337
7338
7339
7340
7341
7342
7343
7344
7345
7346
7347
14664
3708
3709
3710
3711
3712
3713
3714
3715
3716
3717
3718
3719
7445
7446
7447
7448
7449
7450
7451
10205
10206
5534
5535
5536
2988
2989
2990
2991
2992
2993
2994
2995
2996
2997
2998
2999
3000
3001
3002
3003
3004
3005
3006
3007
3008
3009
3010
3011
3012
3013
3014
3015
3016
3017
3018
3019
15248
15249
15250
6761
6762
6763
6764
1821
1822
1823
1824
1825
1826
12357
12358
12359
12360
12361
12362
12363
12364
12365
12366
12367
12368
12369
12370
12371
12372
12373
12374
12375
12376
12377
12378
10463
9829
9830
9831
9832
9833
9834
9835
14126
14127
3951
3952
3953
3954
3955
3956
3957
3958
13034
13035
13036
13037
13038
13039
13040
13041
13042
13043
13044
7457
7458
7459
10310
10311
10312
10313
10314
8817
8818
8819
8820
8821
8822
8823
8824
8825
8826
8827
8828
8829
8830
8831
8832
8833
8834
8835
8836
8837
8838
8839
8840
8841
8842
8843
8844
8845
8846
8847
8848
8849
8850
8851
8852
8853
8854
8855
8856
8857
8858
8859
8860
8861
8862
8863
8864
6939
6940
6941
6942
6943
6944
6945
6946
13241
13242
13243
13244
13245
13246
13247
13248
13249
13250
13251
13252
13253
13254
13255
13256
13257
13258
13259
13260
13261
13262
13263
13264
13265
13266
13267
13268
13269
13270
13271
13272
13273
13274
13275
13276
13277
13278
13279
13280
13281
15787
15788
15789
15790
15791
15792
15793
15794
15795
15443
1478
1479
1480
1481
1482
1483
1484
1485
1486
1487
1488
3146
3147
3148
3149
3150
3151
10240
10241
10242
10243
10244
10245
10246
10247
7471
10630
10631
10632
10633
10634
10635
10636
10637
10638
10639
10640
6766
6767
6768
6769
6770
6771
6772
6773
6774
6775
14987
14988
14989
14990
14991
14992
14993
2165
2166
2167
13657
13658
9807
9808
5419
5420
5421
5422
5423
5424
5425
5426
5427
5428
5429
5489
5490
5491
5492
5493
5494
5495
5496
5497
5498
5499
5500
5501
11131
11132
11133
11134
11135
11136
5122
5123
5124
5125
5126
5127
5128
5129
5130
5131
5132
5133
5835
5836
5837
5838
5839
5840
10331
10332
10333
10334
6119
6120
6121
6122
6123
6124
6125
6126
6127
6128
6129
6130
6131
6132
6133
6134
6135
6136
6137
6138
6139
11607
11608
11609
11610
11611
11612
11613
11614
11615
11616
11617
11618
11619
11620
11621
11622
4296
4297
5429
5430
5431
5432
5433
5434
5435
4117
4118
4119
4120
4121
4122
4123
4124
4125
4126
4127
4128
4129
4130
4131
4132
4133
4134
4135
4136
4137
4138
4139
4140
4141
4142
4143
4144
4145
13086
13087
13088
12983
12984
12985
12986
12987
12988
12989
12990
12991
12992
12993
12994
12995
12996
12997
14571
14572
14573
14574
14575
14576
14577
14578
14579
14580
15193
15194
15195
15196
15197
15198
6120
6121
6122
6123
3221
3222
3223
3224
3225
3226
3227
3228
3229
3230
3231
3232
3233
3234
3235
7384
7385
7386
7387
7388
7389
7390
7391
7392
7393
7394
7395
7396
7397
7398
7399
7400
7401
7402
2389
6543
6544
6545
6546
6547
6548
6549
6550
6551
6552
6553
6554
247
248
249
250
251
252
253
254
255
256
257
258
13613
13614
13615
13616
5542
5543
5544
11871
4373
4374
4375
4376
10907
10908
10909
10910
10911
10912
10913
10914
10915
10916
10917
10918
10919
10920
10921
6897
6898
6899
6900
6901
6902
6903
6904
6905
5417
5418
5419
11097
11098
11099
11100
11101
11102
11103
7709
7710
7711
7712
7713
7714
7715
7716
7717
7718
7719
7720
7721
7722
7723
7724
7725
7726
7727
7728
12594
12595
12596
4650
4651
4652
4653
4654
4655
243
11632
11633
11634
11635
11636
11637
11638
11639
11640
11641
11642
11643
11644
11645
4368
4369
4370
4371
4372
4373
8955
8956
4439
4089
4090
4091
4092
2193
2194
2195
2196
2197
2198
2199
2118
2119
2120
2121
2122
2123
2124
2125
2126
2127
2128
2129
2130
2131
2132
2133
2134
2135
2136
2137
2138
2139
5248
3726
7782
7783
7784
7785
7786
7787
7788
7789
7790
7791
7792
7793
5788
5789
5790
5791
3782
3783
3784
3785
3786
3787
3788
3789
1048
1049
1050
1051
1052
1053
1054
1055
1056
7607
7608
3346
3347
3348
3349
3350
3351
3352
3353
3354
3355
3356
3357
3358
3359
3360
3361
948
949
10440
10441
10442
10443
10444
10445
10446
10447
10448
10449
10450
10451
10452
9150
9151
9152
9153
9154
9155
9156
9157
9158
9159
9160
158
159
160
161
162
163
1714
1715
1716
1717
1718
1719
1720
1721
1722
1723
1724
1725
1726
1727
1728
1729
6369
6370
6371
6372
6373
6374
6375
6376
6377
6378
6379
2790
2791
2792
2793
2794
2795
2796
2797
2798
2799
2800
15416
15539
15540
15541
15542
15543
15544
15545
15546
15547
15548
8591
8592
8593
8594
8595
8596
8597
8598
8599
8600
8601
8602
8603
8604
8605
8606
530
430
431
432
433
434
435
436
437
438
439
440
441
442
443
444
445
446
447
448
449
6463
6464
6465
6466
6467
6468
6469
6470
6471
6472
6473
6474
6475
289
290
291
292
293
294
295
296
297
298
13615
13616
13617
13618
13619
13620
1405
2166
2167
2168
2169
2170
2171
2172
2173
2174
2175
2176
2177
2178
2179
2180
2181
2182
2183
2184
2185
2186
2187
2188
2189
2190
6574
6575
6576
6577
6578
6579
6813
6814
6815
6816
6817
1185
1186
1187
1188
1189
1190
1191
1192
1193
1194
1195
1196
1197
1198
1199
1200
1201
1202
1203
1204
1205
1206
1207
1208
11360
11361
11362
11363
11364
11365
11420
11421
11422
11423
11424
2081
2082
2083
2084
2085
2086
2087
2088
2089
2090
2091
2092
2093
2094
2095
2096
2097
8258
8259
8260
5451
5452
5453
5454
5455
5456
2122
2123
2124
2125
2126
2127
11910
11911
11912
11913
11914
11915
11916
11917
695
696
697
698
699
700
701
702
703
704
705
706
707
708
709
710
3551
3552
3553
3554
3555
3556
3557
3558
3559
3560
3561
3562
3563
3564
3565
3566
3567
3568
3569
3570
3571
3572
3573
3574
3575
3576
3577
12889
12890
12891
12892
12893
12894
12803
12804
1889
1890
1891
1892
1893
1894
1895
1896
12443
12444
12445
12446
12447
12448
12449
3127
3128
3129
3130
3131
3132
3133
3134
3135
3136
3137
3138
3139
3140
3141
3142
3143
3144
3145
6720
6721
6722
6723
6724
6725
6726
6727
6728
6729
6730
13323
13324
4971
3027
3028
3029
3030
3031
3032
3033
3034
3035
3036
3037
3038
3039
3040
3041
3042
3043
3044
3045
3046
3047
3048
3049
3050
1253
1254
1255
1256
1257
1258
1259
1260
7719
7720
7721
7722
7723
7724
7725
7726
7727
7728
7729
7730
7731
7732
7733
7734
7735
7736
7737
7738
7739
7740
7741
5041
5042
5043
360
361
362
363
364
365
366
367
368
369
370
371
372
373
374
375
376
377
378
379
380
4332
4333
4334
4335
4107
4108
4109
4110
4111
4112
4113
14413
14414
14415
14416
14417
14418
14419
14420
14421
14422
14423
14424
14425
14426
14427
14428
14429
14430
14431
14432
14433
14434
4062
4063
4064
4065
4066
4067
4068
4069
4070
4071
4072
4073
4074
4075
4076
4077
4078
4079
4080
4852
4853
4854
6216
6217
6218
46
47
48
49
50
51
52
3512
3513
3514
3515
3516
3517
3518
3519
3520
3521
3522
3523
3524
3525
3526
3527
13720
13721
13722
13723
13724
13725
13726
13727
13728
8081
13962
13963
13964
12651
12652
12653
12654
12655
12656
12657
6918
6919
6920
6921
6922
6923
6924
6925
6926
6927
12806
12807
12808
15845
15846
15847
15848
5942
5943
2035
2036
2037
2038
2039
2040
2041
2042
2043
2044
2045
2046
2047
2048
2049
2050
2051
2052
2053
2054
2055
6935
6936
6937
9229
9230
9231
9232
9233
9234
9235
9236
9237
9238
9239
9240
9241
9242
9243
9244
9245
9246
9247
9248
9249
9250
9251
9252
9253
9254
9255
9256
9257
9258
9259
9260
3668
3669
3670
3671
3672
3673
3674
3675
3676
3677
3678
3679
3680
3681
3682
3683
3684
3685
3686
3687
3688
3689
3690
3691
3692
3693
3694
3695
1415
1416
1417
1418
1419
1420
1421
1422
1423
1424
9319
9320
9321
9322
9323
9324
9325
9326
9327
9328
9329
9330
9331
9332
9333
9334
9335
9336
9337
9338
9339
6937
6938
6939
6940
6941
6942
6943
6944
13685
13686
13687
13688
13689
13690
13691
13692
15081
15082
15083
15084
15085
15086
15087
15088
15089
15090
15091
3026
3027
9531
9532
9533
9534
9535
9536
9537
9538
9539
9540
9541
7488
7489
7490
7491
10513
10514
10515
5748
5749
5750
5751
5752
5753
5754
5755
5756
5757
5758
4325
4326
1852
1853
1854
1855
1856
1857
5900
5901
5902
5903
5904
5905
5906
5907
5908
5909
5910
5911
5912
5913
5914
5915
5916
5917
5918
5919
5920
5921
5922
5923
5924
5925
5926
5927
5928
5277
5278
5279
5280
5281
5282
10993
10994
10995
10996
10997
10998
10999
11000
4035
4036
4037
4038
4039
4040
4041
4042
4043
4044
132
133
134
135
136
137
138
139
140
141
142
143
144
145
146
147
148
149
150
151
152
153
154
12130
12131
12132
12133
12134
12135
12136
12137
2238
2239
2240
2241
13408
13409
13410
13411
1388
1389
1390
1391
1392
1393
1394
1395
1396
1397
1398
1399
3962
3963
14475
11085
11086
11087
11088
11089
11090
11091
11092
11093
11094
11095
15317
15318
15319
15320
15321
15322
15323
15324
15325
15326
15327
703
704
705
706
707
708
709
710
711
712
7082
7083
7084
7085
7086
7087
1759
1760
1761
6363
6364
6365
15396
15397
15398
15399
15400
15401
8039
8040
8041
8042
8043
8044
8045
8046
8047
8048
8049
10202
10203
10204
10205
10206
10207
10208
10209
10210
10211
9719
9720
9721
9722
9723
9724
9725
9339
9340
9341
8380
8381
8382
8383
10190
10191
10192
12693
12694
12695
12696
12697
12698
12699
12700
12701
4702
4703
4704
4705
4706
4707
4708
4709
4710
4711
4712
4713
4714
2474
2475
2476
2477
2478
2479
2480
2481
2482
2483
14957
14958
14959
14960
14961
5162
5163
5164
5165
4404
4405
4406
4407
4408
4409
4410
4411
4412
4413
4414
10677
10678
10679
10680
10681
10682
10683
10684
10685
10686
10687
10688
10689
10690
10691
10692
10693
10694
10695
10696
10697
10698
10699
10700
10701
10702
10703
10704
10705
10706
10707
10708
10709
10710
10711
10712
10713
10714
10715
10716
8032
8033
8034
8035
8036
8037
8038
8039
8040
13538
13539
13540
13541
13542
13543
13544
13545
13546
13547
13548
13549
13550
13551
13552
8326
8327
8328
8329
8330
3023
3024
3025
3026
3027
2198
2199
2200
2201
2202
2203
2204
2205
2206
5905
5906
5907
5908
5909
2808
2809
2810
2811
2812
2813
2814
2815
2816
2817
2818
2819
2820
2821
2822
2823
2824
2825
2826
5883
5884
5885
5886
5887
5888
5889
5890
5891
5892
5893
5894
5895
5896
5897
5898
5899
5900
5901
5902
5903
5904
5905
5906
5907
6012
6013
6014
6015
6016
6017
6018
6019
6020
6021
6022
6023
6024
6025
10365
10366
10367
10368
14308
14309
14310
3131
3132
3133
3134
3135
3136
3137
3138
5426
5427
1722
1723
1724
1725
1726
1727
1728
1729
1730
1731
1732
1733
1734
1735
1736
1737
1738
1739
1740
1741
10809
11202
11203
11204
11205
11206
11207
11208
11209
11210
11211
11212
11213
11214
11215
11216
11217
11218
14050
14051
3493
3494
3495
3496
3497
3498
3499
3500
3501
3502
3503
3504
3505
6074
6075
6076
6077
6078
6079
10584
10585
10586
10587
10588
10589
10590
10591
10592
10593
473
474
475
476
477
478
479
480
481
482
483
484
485
486
487
488
489
490
13185
13186
13187
13188
13189
13190
13191
13192
13193
13194
13195
13196
13197
13198
13199
13964
13965
13966
13967
13968
13969
13970
13971
13972
13973
13974
13975
13976
13977
13978
13979
13980
12075
12076
12077
12078
12079
12080
14764
14765
14766
14767
14768
14769
1023
1024
4940
4941
4942
4943
4944
4945
4946
4947
4948
4949
4950
8966
8967
8061
1361
1362
1363
1364
1365
1366
1367
6170
6171
6172
6173
6174
6175
6176
6177
6178
6179
4523
4524
4525
4526
4527
4528
4529
14106
14107
14108
14109
14110
14111
14112
14113
14081
14082
14083
14084
14085
14086
14087
14088
14025
14026
14027
14028
10418
10419
10420
10421
10422
2683
2684
12266
12267
12268
12269
12270
11402
11403
11404
11405
11406
11407
11408
11409
11410
11411
11412
14488
14489
14490
14491
14492
14493
14494
14495
14496
14497
14498
14499
15428
9636
9637
9638
9639
9640
5052
5053
5054
5055
5056
5057
5058
5059
5060
5061
5062
5063
5064
2451
2452
2453
2454
2455
2456
2457
2458
2459
2460
2461
2462
2463
2464
2465
2466
2467
2468
2469
2470
2471
2472
13922
13923
13924
13925
13926
13927
13928
13929
13930
13931
13932
13933
13934
13935
13936
10185
10186
10187
10188
10189
10190
10191
10192
10193
10194
10195
10196
10197
10198
10199
10200
10201
10202
10203
10204
10205
10206
10207
10208
10209
10210
10211
10212
10213
7030
7031
7032
7033
7034
7035
7036
7037
7038
7039
7040
7041
7042
7043
7044
7045
7046
7047
7812
7813
7814
7815
7816
7817
7818
7819
7820
7821
7822
7823
7824
10027
10028
10029
10030
10031
10032
10033
13603
13604
13605
13606
13607
13608
13609
13610
13611
13612
13613
13614
13615
13616
13617
13618
13619
13620
13621
13622
13623
13624
13625
13626
13627
13628
13629
13630
13631
13632
13633
13634
13635
13636
13637
13638
13639
3425
3426
3427
3428
3429
3430
3431
3432
3433
3434
3435
3436
779
780
781
782
783
784
785
786
787
788
13566
13567
13568
7226
7227
7228
7229
7230
7231
13726
13727
13728
13729
13730
13731
13732
13733
11370
11371
11372
11373
5029
5030
5031
5032
5033
5034
5035
5036
5037
5038
5039
5040
5041
5042
5043
5044
5045
5046
5047
6736
6737
6738
15630
15631
15632
15633
15634
12953
12954
12955
12956
12957
12958
12959
12960
12961
12962
12963
12964
12965
12966
12967
7870
7871
7872
7873
7874
7875
7876
7877
7878
7879
7880
7881
7882
4736
4737
4738
4739
4740
4741
4742
4743
4744
1646
1647
1648
1649
1650
1651
1652
1653
1654
1655
1656
1657
1658
1659
1660
1661
1662
1663
8831
8832
8833
8834
8835
8836
8837
8838
2973
2974
2975
2976
2977
2978
2979
10977
10978
10979
10980
10981
10422
10423
10424
10425
4671
4672
4673
4674
4675
4676
4677
4678
4679
4680
4681
4682
4683
4684
4685
4686
13089
13090
13091
13092
4568
4569
8911
8912
8913
8914
8915
8916
8917
8918
8919
8920
3840
11077
11078
11079
11080
11081
11082
11083
11084
11085
11086
11087
11088
11089
11090
11091
11092
11093
11094
11095
11096
11097
11098
11099
11100
11101
11102
11103
11104
11105
11106
11107
11108
11109
11110
11111
11112
11113
11114
11115
11116
11117
11118
11119
11120
11121
11122
11123
11124
11125
11126
11127
11128
11129
11130
11131
11132
11133
12233
12234
5177
5178
5179
5180
5181
5182
5183
5184
5185
5186
5187
5188
5189
5190
5191
5192
5193
5194
5195
5196
5197
5198
5199
5200
5201
5202
5203
5204
5205
5206
5207
5208
5209
5210
5211
5212
5213
5214
5215
5216
5217
5218
14837
14838
14839
11039
11040
11041
11042
11043
11044
11045
11046
11047
11048
11049
11050
11051
11052
11053
11054
11055
11056
11057
11058
3112
3113
6087
6088
6089
6090
6091
6092
6093
6094
6095
6096
6097
6098
6099
6100
6101
1223
1224
1225
1226
1227
1228
1229
1230
1231
1232
1233
1234
1235
1236
1237
1238
1239
1240
1241
1242
1243
1244
1245
1246
1247
1248
1249
1250
1251
1252
1253
1254
1255
1256
1257
1258
1259
1260
1261
1262
1263
1264
1265
14667
14668
14669
10737
10738
10739
10740
10741
10742
10743
10744
10745
10746
10747
10748
10749
10750
10751
10752
10753
10754
10755
10756
10757
10758
10759
10760
10761
10762
10763
10764
10765
10766
10767
10768
10769
7652
7653
7654
7655
7656
7657
7658
7659
7660
7661
7662
13912
13913
13914
13915
13916
13917
13918
13919
6672
6673
6674
5611
5612
5613
5614
5615
5616
5617
5618
5619
5620
5621
5622
5623
5624
5625
12666
12667
12668
12669
12670
12671
12672
12673
12674
12675
8563
8564
8565
8566
8567
3181
3182
3183
3184
3185
3186
3187
3188
3189
3190
3191
3192
3193
3194
3195
3196
3197
3198
3199
3200
3201
11899
11900
11901
11902
11903
11904
11905
11906
11907
11908
11909
11910
11911
11912
11913
11914
11915
11916
11917
11918
11919
11920
11921
11922
11923
11924
11925
11926
11927
11928
11929
11930
11931
11932
11933
11934
11935
11936
11937
11938
11939
11940
11941
11942
11943
11944
11945
11946
11947
11948
11949
11950
11951
11952
11953
11954
11955
11956
11957
11958
5810
5811
5812
6508
6509
6510
6511
6512
11617
11618
11619
8347
8348
8349
8350
8351
8352
8353
8354
8355
8356
8357
8358
8359
8360
8361
15766
15767
11357
11358
13025
4806
4807
4808
4809
4810
4811
4812
4813
4814
4815
4816
4817
4818
4819
4820
4821
4822
4823
4824
4825
4826
4827
4828
11094
9880
9881
9882
9883
9884
9885
9886
9887
9888
9889
6432
6433
6434
6435
6436
6437
6438
6439
6440
6441
6442
6443
6444
6445
6446
14279
14280
14281
14282
14283
14621
14622
14623
14624
14089
14090
14091
14092
14093
14094
14095
14096
14097
14098
12082
12083
12084
12085
12086
12087
5605
5606
8926
8927
8928
8929
8930
8931
8932
8933
4095
4096
4097
4098
4099
4100
12286
12287
12288
12289
12290
12291
12292
12293
12294
15020
15021
15022
15023
15024
15025
15026
15027
15028
15029
15030
15031
15032
15033
15034
227
228
229
230
231
5504
5505
5506
5507
5508
5509
5510
5511
5512
5513
5514
5515
5516
5517
5518
5519
5520
5521
5522
5523
5524
5525
5526
2854
2855
2856
2857
2858
2859
2860
2861
2862
9896
9897
9898
9899
9900
9901
9902
9903
9904
9905
9906
9907
9908
9909
9910
9911
9912
9913
9914
9915
9916
9917
6998
6999
4453
2840
2841
2842
7022
7353
7354
7355
7356
7357
7358
7359
7360
7361
6117
6118
6119
6120
6121
6122
6123
12176
12177
12178
12179
13449
13450
13451
13452
13453
12240
12241
14128
14129
657
658
15859
15860
5727
5728
5729
5730
5731
5732
5733
5734
5735
6744
6745
2798
2799
2800
2801
2802
2803
2804
2805
2806
2807
2808
2809
2810
2811
2812
2813
2814
2815
15800
15801
15802
15803
2906
6699
6700
6701
6702
6703
6704
6705
6706
6707
6708
6709
6710
6711
6712
6713
6714
6715
6716
2572
2573
2574
2575
2576
2577
2578
2579
2580
2581
2582
2583
2584
2585
12050
14277
14278
14279
14280
14281
14282
14283
14284
14285
14286
14287
14288
14289
14290
14291
14292
14293
14294
14295
14296
14297
14298
14299
14300
14301
14302
14303
14304
14305
14306
14307
14308
14309
14310
14311
11949
11950
11951
11952
11953
11954
11955
11956
11957
11958
11959
11960
1833
1834
1835
1836
1837
1838
1839
1840
1841
1842
13195
13196
13197
8211
8212
8213
8214
8215
8216
8217
8218
8219
8220
8221
8222
8223
8224
8225
8226
8227
8228
8229
8230
8231
8232
8233
8234
8235
8236
8237
7526
7527
7528
7529
7530
130
131
132
133
134
3063
3064
3065
3066
8785
8786
8787
8788
8789
8790
8791
8792
2365
2366
2367
2368
2369
2370
2371
2372
2373
2374
2375
9576
9577
9578
9579
9580
9581
9582
9583
9584
9585
9586
9587
9588
9589
9590
9591
9592
9593
6080
6081
6082
6083
6084
6085
6086
6087
6088
6089
6090
6091
6092
6093
6094
6095
6096
6097
6098
6099
6100
6101
6102
6103
14083
14084
3992
3993
3994
3995
3996
3997
3998
11165
11166
11167
11168
11169
11170
11171
5959
12255
12256
12257
12258
12259
12260
12261
12262
12263
12264
12265
12266
12267
12268
12269
12270
12271
12272
12273
12274
12275
12276
12277
12278
12279
3418
3419
3420
3421
3422
3423
3424
3425
3426
3427
3428
3429
3430
3431
3432
3433
3434
3211
3212
3213
3214
3215
5751
5752
5753
5754
7027
7028
7029
7030
7031
7032
7033
7034
7035
7036
7037
7038
7039
7040
4503
4504
4505
8324
8325
8326
8327
8328
8329
8330
8331
8332
8333
14858
14859
14860
14861
14862
14863
14864
14865
14866
14867
14868
14869
14870
14871
14872
14873
14874
14875
7426
7427
7428
7429
737
738
739
740
741
742
743
744
745
746
747
748
749
750
751
752
753
754
755
756
6703
6704
6705
5960
5961
5962
5963
5964
5965
5966
5967
5968
5969
5970
5971
5972
5973
5974
5975
1002
1003
1004
12856
12857
12858
12859
12860
12861
12862
12863
12864
12865
12866
12867
12868
12869
12870
12871
966
967
968
969
970
971
972
973
974
975
976
977
978
979
980
981
982
983
984
8661
2408
2409
2410
2411
13086
13087
13088
12615
12616
10510
10511
10512
10513
10514
10515
10516
10517
5745
5746
5747
5748
5749
5750
5751
5752
5753
5754
5755
5756
5757
12177
12178
12179
12180
12181
12182
12183
7715
7716
7717
7718
2267
2268
2269
2270
2271
2272
2273
2274
2275
2276
2277
2278
2279
2280
2281
2282
2283
2284
2285
2286
2287
2288
14846
14847
14848
14849
481
482
483
484
485
486
487
488
489
490
491
492
493
494
495
496
497
498
1545
1546
14779
14780
14781
14782
7208
7209
7210
7211
7212
7213
7214
7215
7216
7217
7218
9933
9934
9935
9936
9937
9938
9939
9940
9941
9942
9943
9944
9945
9946
9947
9948
9949
9950
7331
7332
7333
7334
7335
7336
7337
7338
7339
7340
7341
7342
7343
7749
1727
1728
1729
1730
1731
1732
12031
12032
12033
12034
10493
10494
10495
10496
10497
10498
10499
10500
10501
10502
10503
10504
10505
10506
10507
10508
10509
10510
10511
10512
10513
10514
10515
10516
10933
10934
10935
12354
15572
15573
15574
15575
14415
8698
8699
8700
8701
8702
8703
8704
8705
8706
8707
8708
8709
8710
8711
8712
8713
8714
8715
8716
8717
8718
8719
14237
14238
14239
9483
9484
9485
15910
15911
15912
15913
15914
7768
7769
2933
2934
2935
2936
2937
81
82
83
84
1680
1681
1682
1683
1684
1685
1686
1687
1688
1689
1690
1691
1692
1693
1694
1695
1696
11177
11178
11179
11180
11181
11182
11183
11184
2846
2847
2848
2849
2850
2851
2852
2853
2854
2855
2856
2857
2858
2859
11047
11048
11049
11050
11051
11052
11053
11054
11055
11056
11057
11058
11059
11060
11061
11062
11063
11064
11065
11066
11067
11068
11069
11070
6673
7907
7908
7909
7910
7911
7912
7913
7914
7915
7916
7917
7918
7919
7920
7921
7922
7923
1379
1380
5587
6581
6582
6583
6584
6585
6586
6587
6588
6589
6590
6591
6592
6593
6594
6595
6596
6597
6598
6599
6600
6601
6602
6603
6604
6605
4805
4806
4807
4808
4809
4810
4811
4812
4813
4814
4815
4816
4817
4818
4819
4820
4821
4822
4823
4824
7531
7532
7533
7534
7535
7536
7537
7538
7539
7540
7541
3126
3127
15318
15469
13654
13655
13656
13657
13658
13659
13660
13661
13662
13663
13664
40
41
3516
11486
11487
11488
11489
11490
8142
2264
2265
2266
13802
13803
13804
6543
6544
6545
6546
6547
13353
13354
13355
13356
13357
13358
13359
13360
13361
13362
13363
13364
13365
13366
13367
13368
13369
13370
14047
14048
14049
14050
14051
14052
14053
14054
14055
14056
14057
14058
14059
14060
14061
14062
14063
14064
14065
14066
14067
14068
14069
14070
14071
14072
14073
14074
457
458
459
460
461
8929
8930
8931
8932
8933
8934
8935
8936
8937
8938
15491
2370
2371
2372
2373
2374
2375
2376
2377
2378
2379
2380
2381
2382
2383
2384
2385
2386
2387
2388
2389
2390
2391
2392
2393
2394
2395
2396
2397
2398
2399
7996
7997
7998
7999
8000
11175
14345
14346
10550
10551
10552
10553
10554
10555
10556
12500
12452
12453
12454
12455
12456
12457
12458
12459
12460
12461
12462
12463
7109
7110
7111
7112
7113
7114
12890
12891
12892
12893
12894
12895
12896
12897
14909
14910
14911
14912
14913
14914
14915
14916
14917
14918
13084
13085
13086
13087
13088
13089
13090
13091
13092
13093
13094
4571
4572
4573
545
546
547
548
12349
12350
12351
12352
12353
11870
11871
11872
5074
5075
5076
5077
5997
5998
5999
6000
12137
12138
12139
12140
12141
12142
12143
12144
12145
12146
12147
12148
12149
12150
12151
12152
12153
12154
12155
12156
12157
12158
12159
12160
12161
12162
12163
15242
15243
15244
15245
15246
15247
15248
15249
5469
5470
5471
5472
5473
5474
5475
5476
5477
5478
5479
5480
5481
5482
5483
1475
1476
1477
1478
1479
1480
1481
1482
1483
1484
1485
1486
1487
1488
1489
1490
1491
1492
1493
1494
1495
1496
1497
1498
1499
1500
1501
1502
1503
1504
1505
1506
1507
1508
1509
1510
127
128
129
130
131
132
133
7652
7653
7654
7655
7656
7657
7658
7659
8662
8663
8664
8665
8666
8667
8668
8669
8670
8671
8672
8673
8674
8675
8676
8677
8678
8679
8680
8681
8682
10808
10809
10810
10811
10812
10813
10814
10815
10816
10817
10818
10819
10820
10821
10822
10823
10824
10825
10826
10827
10828
10829
10830
10831
10832
10833
10834
10835
10836
13362
14681
14682
14683
14684
14685
14686
14687
5997
5998
5999
6000
6001
6002
6003
6004
6005
6006
6007
6008
6009
6010
6011
6012
6013
6014
6015
4428
4539
4540
4541
4542
4543
4544
4545
4546
4547
4548
4549
7867
7868
7869
7870
7871
7872
7873
7874
3736
3737
3738
3739
3740
3741
3742
3743
3744
3745
3746
3747
3748
3749
3750
3751
3752
3753
3754
3755
3756
3757
3758
3759
3760
3761
3762
3763
3764
3765
3766
396
397
398
8241
4881
4882
4883
7896
7897
7898
123
124
125
126
127
128
129
130
131
132
133
134
135
136
137
138
139
140
141
142
143
144
145
146
147
148
149
150
151
152
153
154
155
156
157
158
159
160
4260
4261
4262
4263
4264
4265
4266
4267
4268
4269
4270
4271
3635
3636
3637
3638
3639
3640
6063
6064
4879
4880
4881
4882
4883
4884
4885
4886
4887
4888
4889
4890
4891
4892
4893
4894
4895
4896
4897
4898
3144
3145
3146
3147
3148
3149
3150
3151
3152
3153
3154
3155
3156
3157
3158
3159
3160
3161
3162
3163
3164
3165
3166
3167
3168
3169
3170
3171
3172
3173
1443
1444
14152
14153
14154
14155
14156
14157
14158
14159
14160
14161
14162
14163
14164
14165
14214
14215
14216
14217
14218
14219
14220
14221
14222
14223
14224
14225
14226
8549
8550
8551
8552
8553
15532
15533
15534
15535
15536
15537
15538
13267
4498
4499
4500
4501
4502
4503
4504
4505
4506
4507
4508
1366
1367
1368
1369
1370
1371
1372
1373
1374
1375
1376
1377
1378
1379
1380
1381
1382
1383
1384
1385
1386
12593
12594
12595
12596
12597
12598
12599
12600
12601
12602
12603
12604
12605
12606
12607
12608
12609
12610
12611
8143
8144
8145
8146
8147
8148
8149
8150
8151
8152
649
650
651
652
653
654
655
14331
14332
14333
8028
8029
8030
8031
8032
15738
15739
15740
15741
15742
15743
15744
15745
15746
15747
15748
15749
15750
15751
15752
15753
15754
15755
15756
15757
15758
15759
15760
15761
15762
15763
15948
15949
15950
15951
